38.jpg$$$黑枸杞)$$$(黑枸杞)$$$1091,5411,5381,8$$$7,1091,5411,5381,8
40.jpg$$$本南峻音山免养植基地$$$孝南俊茜山兔养殖基地$$$217,2020,1503,3373,2472,1945,3283,3683,1216,619$$$3103,2020,1504,4295,2472,2854,3283,3684,1216,619
49.jpg$$$电话:0933-253332013689455778$$$电话:0933-253332013689456778$$$634,1143,25,15,24,18,18,12,17,20,18,18,18,17,15,16,18,21,23,24,19,20,20,22,22,23$$$634,1143,25,15,24,18,18,12,17,20,18,18,18,17,15,16,18,21,23,24,19,20,21,22,22,23
59.jpg$$$嫁接绿心徐香翠香翠玉碧玉金福魁黄心华$$$嫁接绿心徐香翠香翠玉碧玉金福黄心华$$$1283,1366,1829,3137,3177,3074,537,3074,537,3464,231,3464,1395,848,1596,1165,3137,1137$$$1283,1366,1829,3137,3177,3074,537,3074,537,3464,231,3464,1395,848,1165,3137,1137
64.jpg$$$染疾病和细菌(修剪一果树前修剪刀都彻底$$$染疾病和细菌(修剪一棵果树前修剪刀都彻底$$$2379,1239,282,1078,3031,1499,7,3163,1305,3316,1030,2624,2271,3163,1305,585,685,400,618$$$2379,1239,282,1078,3031,1499,7,3163,1305,3316,1538,1030,2624,2271,3163,1305,585,685,400,618
74.jpg$$$二本产品无污染.无农药。$$$二,本产品无污染.无农药。$$$751,217,371,2184,2975,2972,2379,13,2975,2076,3298,6862$$$751,11,217,371,2184,2975,2972,2379,13,2975,2076,3298,6862
75.jpg$$$三业务范围:马蹄.藕带种植.加工.销售.采购供应本社$$$三.业务范围:马蹄.藕带种植.加工.销售.采购供应本社$$$2442,3310,2994,773,2920,25,1862,2792,13,2093,557,3719,3683,13,1272,943,13,3097,2596,13,322,965,948,3389,217,2514$$$2442,13,3310,2994,773,2920,25,1862,2792,13,2093,557,3719,3683,13,1272,943,13,3097,2596,13,322,965,948,3389,217,2514
86.jpg$$$"婕斌荞殖场"$$$"婕斌养殖场"$$$1,5192,270,4305,3684,376,1$$$1,5192,270,3283,3684,376,1
104.jpg$$$欢迎全回条地种特人女外场参观$$$欢迎全国各地狩猎人士到场参观$$$1149,3396,2360,1183,2810,619,3719,2781,2392,2081,2885,376,327,998$$$1149,3396,2360,1029,932,619,4781,1743,2392,2568,592,376,327,998
108.jpg$$$菠菜.香菜.茴香,小白菜..上市中,$$$菠菜.香菜.茴香,小白菜.上市中,$$$285,324,13,3074,324,13,4302,3074,11,3102,148,324,13,13,2490,2585,3713,11$$$285,324,13,3074,324,13,4302,3074,11,3102,148,324,13,2490,2585,3713,11
116.jpg$$$网址:www.xbypc@126.com$$$网址:www.xbypc@126.com$$$2907,3688,25,86,86,86,13,87,65,88,79,66,31,16,17,21,13,66,78,76$$$2907,3688,25,86,86,86,13,87,65,88,79,66,31,16,17,21,13,66,78,76
124.jpg$$$网址:www.lasu.cn$$$网址:www.lasu.cn$$$2907,3688,25,86,86,86,13,75,64,82,84,13,66,77$$$2907,3688,25,86,86,86,13,75,64,82,84,13,66,77
134.jpg$$$昨天午56$$$56$$$3841,2801,2984,20,21$$$20,21
139.jpg$$$-眉县$$$--眉县$$$12,1907,3063$$$12,12,1907,3063
140.jpg$$$加微信xiaolan20120803$$$加微信xiaolan20120803$$$1272,2915,3138,87,72,64,78,75,64,77,17,15,16,17,15,23,15,18$$$1272,2915,3138,87,72,64,78,75,64,77,17,15,16,17,15,23,15,18
141.jpg$$$咖国猕猴桃之乡$$$中国猕猴桃之乡$$$1510,1029,4796,1112,2775,3679,3078$$$3713,1029,4796,1112,2775,3679,3078
142.jpg$$$18660713132$$$13660713132$$$16,23,21,21,15,22,16,18,16,18,17$$$16,18,21,21,15,22,16,18,16,18,17
144.jpg$$$木耳以测$$$木耳以测试$$$2003,747,3341,347$$$2003,747,3341,347,2589
152.jpg$$$全民评论量100个?16.....粉丝价格不等$$$全民K歌评论量100个?16......粉丝价格不等$$$2360,1960,2193,1844,1722,16,15,15,931,30,16,21,13,13,13,13,13,810,2662,1280,926,308,603$$$2360,1960,42,917,2193,1844,1722,16,15,15,931,30,16,21,13,13,13,13,13,13,810,2662,1280,926,308,603
154.jpg$$$本人信W1214031388$$$本人V信W1214031388$$$217,2392,3138,54,16,17,16,19,15,18,16,18,23,23$$$217,2392,53,3138,54,16,17,16,19,15,18,16,18,23,23
159.jpg$$$诚招代理)$$$(诚招代理)$$$422,3619,559,1674,8$$$7,422,3619,559,1674,8
190.jpg$$$200686468qzone.qq.com$$$200686468.qzone.qq.com$$$17,15,15,21,23,21,19,21,23,80,89,78,77,68,13,80,80,13,66,78,76$$$17,15,15,21,23,21,19,21,23,13,80,89,78,77,68,13,80,80,13,66,78,76
209.jpg$$$www.huangye88.com$$$www.huangye88.com$$$86,86,86,13,71,84,64,77,70,88,68,23,23,13,66,78,76$$$86,86,86,13,71,84,64,77,70,88,68,23,23,13,66,78,76
217.jpg$$$瓜.梨.苹果...$$$瓜,梨,苹果,...$$$986,13,1667,13,2188,1030,13,13,13$$$986,11,1667,11,2188,1030,11,13,13,13
247.jpg$$$订货15333230080$$$订货15333230086$$$666,1212,16,20,18,18,18,17,18,15,15,23,15$$$666,1212,16,20,18,18,18,17,18,15,15,23,21
250.jpg$$$确砂风率果$$$硒砂瓜苹果$$$2372,2459,822,1827,1030$$$3001,2459,986,2188,1030
251.jpg$$$枸比子鸡蛋$$$枸杞子鸡蛋$$$5411,227,3810,1227,579$$$5411,5381,3810,1227,579
255.jpg$$$主自国/a604551504$$$王自国18609551509$$$3752,3811,1029,14,64,21,15,19,20,20,16,20,15,19$$$2904,3811,1029,16,23,21,15,24,20,20,16,20,15,24
297.jpg$$$相信任何出售元宝,送苜充,加Q$$$相信任何出售元宝送首充加Q$$$3071,3138,2395,1079,461,2596,3487,193,11,2676,4281,443,11,1272,48$$$3071,3138,2395,1079,461,2596,3487,193,2676,2592,443,1272,48
298.jpg$$$群等欺验信息!$$$群等欺骗信息$$$2375,603,2220,3268,3138,3009,0$$$2375,603,2220,2174,3138,3009
300.jpg$$$我没*,睡得香$$$美*睡的香$$$2963,1906,9,11,2646,598,3074$$$1911,9,2646,599,3074
314.jpg$$$工资一单一结:5-20元一单3-10分钟完成一单!$$$工资一单一结5-20元一单3-10分钟完成一单!$$$943,3801,3316,568,3316,1380,25,20,12,17,15,3487,3316,568,18,12,16,15,805,3716,2893,416,3316,568,0$$$943,3801,3316,568,3316,1380,20,12,17,15,3487,3316,568,18,12,16,15,805,3716,2893,416,3316,568,0
315.jpg$$$时间地点不限!$$$时间.地点不限!$$$2554,1289,619,630,308,3069,0$$$2554,1289,13,619,630,308,3069,0
316.jpg$$$有手机能上网即可应聘$$$有手机能上网即可应聘!$$$3431,2591,1217,2033,2490,2907,1241,1544,3389,2185$$$3431,2591,1217,2033,2490,2907,1241,1544,3389,2185,0
318.jpg$$$适合全职妈妈.上班族在校学生待业人员等$$$适合全职妈妈.上班族.在校学生.待业人员等!$$$2579,1080,2360,3681,1857,1857,13,2490,157,3828,3535,3104,3202,2533,562,3310,2392,3494,603$$$2579,1080,2360,3681,1857,1857,13,2490,157,3828,13,3535,3104,3202,2533,13,562,3310,2392,3494,603,0
319.jpg$$$爆款.提升排名权重.销量..搜索等!$$$爆款.提升排名.权重.销量.搜索等!$$$199,1581,13,2790,2536,2104,1970,2357,3721,13,3097,1722,13,13,2680,2718,603,0$$$199,1581,13,2790,2536,2104,1970,13,2357,3721,13,3097,1722,13,2680,2718,603,0
323.jpg$$$招聘淘宝好评师,客服等;工资一单$$$招聘淘宝好评师客服工资一单$$$3619,2185,2777,193,1068,2193,2543,11,1548,845,603,26,943,3801,3316,568$$$3619,2185,2777,193,1068,2193,2543,1548,845,943,3801,3316,568
326.jpg$$$网即可应聘!多劳多得.时间多可赚$$$网即可应聘!多劳多得时间多可赚$$$2907,1241,1544,3389,2185,0,721,1642,721,598,13,2554,1289,721,1544,3771$$$2907,1241,1544,3389,2185,0,721,1642,721,598,2554,1289,721,1544,3771
327.jpg$$$3000-5000个月!适合全职妈妈.$$$3000-5000一个月!适合全职妈妈$$$18,15,15,15,12,20,15,15,15,931,3511,0,2579,1080,2360,3681,1857,1857,13$$$18,15,15,15,12,20,15,15,15,3316,931,3511,0,2579,1080,2360,3681,1857,1857
329.jpg$$$先声明;我们这份工作不需要流动资$$$先声明我们这份工作不需要流动资$$$3047,2532,1966,26,2963,1918,3637,812,943,3846,308,3173,3299,1778,672,3801$$$3047,2532,1966,2963,1918,3637,812,943,3846,308,3173,3299,1778,672,3801
331.jpg$$$搜索等!具体联系QQ;302505356$$$搜索等!具体联系QQ:302505356$$$2680,2718,603,0,1472,2794,1701,3028,48,48,26,18,15,17,20,15,20,18,20,21$$$2680,2718,603,0,1472,2794,1701,3028,48,48,25,18,15,17,20,15,20,18,20,21
332.jpg$$$全密封防水设计,何时何地都可尽情享受快乐时刻$$$全密封防水设计何时何地都可尽情享受快乐时刻$$$2360,1939,817,783,2645,2515,1259,11,1079,2554,1079,619,685,1544,1410,2328,3084,2597,1579,1651,2554,1547$$$2360,1939,817,783,2645,2515,1259,1079,2554,1079,619,685,1544,1410,2328,3084,2597,1579,1651,2554,1547
333.jpg$$$同时可轻松清洗每一寸接触肌肤的部分,安心享用$$$同事可轻松清洗每一寸接触肌肤的部分安心享用$$$2831,2554,1544,2320,2672,2324,3027,1910,3316,540,1366,474,1222,835,599,312,805,11,111,3137,3084,3418$$$2831,2571,1544,2320,2672,2324,3027,1910,3316,540,1366,474,1222,835,599,312,805,111,3137,3084,3418
335.jpg$$$使用BodyShicone材质生产$$$使用BodySilicone材质生产$$$2562,3418,33,78,67,88,50,71,72,66,78,77,68,317,3707,2533,371$$$2562,3418,33,78,67,88,50,72,75,72,66,78,77,68,317,3707,2533,371
336.jpg$$$表面采取超硅复合工艺技术$$$表面采取超硅符合工艺技术$$$264,1949,322,2350,387,1011,865,1080,943,3342,1249,2622$$$264,1949,322,2350,387,1011,842,1080,943,3342,1249,2622
337.jpg$$$独特U型结构,同步刺激A点和G点$$$独特U型结构同步刺激A点和G点$$$689,2781,52,3146,1380,964,11,2831,310,513,1225,32,630,1078,38,630$$$689,2781,52,3146,1380,964,2831,310,513,1225,32,630,1078,38,630
338.jpg$$$体验前所未有的混合型高潮,在深度激爽中感知性感与性福!$$$体验前所未有的混合型高潮在深度激爽中感知性感与性福!$$$2794,3268,2271,2720,2933,3431,599,1203,1080,3146,908,392,11,3535,2521,697,1225,2643,3713,893,3675,3153,893,3458,3153,848,0$$$2794,3268,2271,2720,2933,3431,599,1203,1080,3146,908,392,3535,2521,697,1225,2643,3713,893,3675,3153,893,3458,3153,848,0
341.jpg$$$微信璐璐vip视频V(36)$$$微信(7)璐璐vip视频(36)$$$2915,3138,5372,5372,85,72,79,2588,2182,53,7,18,21,8$$$2915,3138,7,22,8,5372,5372,85,72,79,2588,2182,7,18,21,8
345.jpg$$$现在进群加群主返还元红包$$$现在进群加群主返还8元红包$$$3061,3535,1403,2375,1272,2375,3752,772,1152,3487,1109,185$$$3061,3535,1403,2375,1272,2375,3752,772,1152,23,3487,1109,185
348.jpg$$$http://zgcpta.com.cn$$$http://zg.cpta.com.cn$$$71,83,83,79,25,14,14,89,70,66,79,83,64,13,66,78,76,13,66,77$$$71,83,83,79,25,14,14,89,70,13,66,79,83,64,13,66,78,76,13,66,77
350.jpg$$$TIMESTORY$$$TIMESTORY$$$51,40,44,36,50,51,46,49,56$$$51,40,44,36,50,51,46,49,56
351.jpg$$$Timeispreciousandcannotbebought.$$$Timeispreciousandcannotbebought.$$$51,72,76,68,72,82,79,81,68,66,72,78,84,82,64,77,67,66,64,77,77,78,83,65,68,65,78,84,70,71,83,13$$$51,72,76,68,72,82,79,81,68,66,72,78,84,82,64,77,67,66,64,77,77,78,83,65,68,65,78,84,70,71,83,13
355.jpg$$$两单,只聊天,蕾丝吊带20分钟$$$两单只聊天蕾丝吊带20分钟$$$1720,568,11,3692,1727,2801,11,1654,2662,648,557,17,15,805,3716$$$1720,568,3692,1727,2801,1654,2662,648,557,17,15,805,3716
358.jpg$$$人美身材好服务好,还在犹豫什么,期待与您$$$人美身材好服务好还在犹豫什么期待与您$$$2392,1911,2520,317,1068,845,2994,1068,11,1152,3535,3427,3482,2555,1899,11,2219,562,3458,2063$$$2392,1911,2520,317,1068,845,2994,1068,1152,3535,3427,3482,2555,1899,2219,562,3458,2063
363.jpg$$$进口零食,水果。$$$进口零食水果.$$$1403,1561,1758,2556,11,2645,1030,6862$$$1403,1561,1758,2556,2645,1030,13
364.jpg$$$地址:濉溪县代庄路口南十米。$$$地址:濉溪县代庄路口南十米.$$$619,3688,25,5071,3017,3063,559,3774,1808,1561,2020,2551,1934,6862$$$619,3688,25,5071,3017,3063,559,3774,1808,1561,2020,2551,1934,13
370.jpg$$$MYHOOLNT$$$MYCHOOLNT$$$44,56,39,46,46,43,45,51$$$44,56,34,39,46,46,43,45,51
372.jpg$$$V信:momomomo1128$$$V信:momomomo1128$$$53,3138,25,76,78,76,78,76,78,76,78,16,16,17,23$$$53,3138,25,76,78,76,78,76,78,76,78,16,16,17,23
377.jpg$$$装菜$$$蔬菜$$$3775,324$$$2600,324
386.jpg$$$滋味,喷水果聊$$$滋味.喷水.果聊$$$3803,2935,11,2138,2645,1030,1727$$$3803,2935,13,2138,2645,13,1030,1727
387.jpg$$$丝袜破洞,看B$$$丝袜破洞看B$$$2662,2883,2199,677,11,1523,33$$$2662,2883,2199,677,1523,33
397.jpg$$$品优,质优服务优$$$拼优质优服务优$$$2184,3420,11,3707,3420,845,2994,3420$$$2181,3420,3707,3420,845,2994,3420
399.jpg$$$常宁市白沙镇,羊种.羊肉.订购$$$常宁市白沙.羊种.羊肉.订购$$$378,2067,2585,148,2462,3653,11,3277,3719,13,3277,2415,13,666,965$$$378,2067,2585,148,2462,13,3277,3719,13,3277,2415,13,666,965
411.jpg$$$植了四十多年了,并结识好多瓜农朋友,有亲属,有朋$$$植了四十多年了并结识好多瓜农朋友有亲属有朋$$$3683,1734,2667,2551,721,2047,1734,11,283,1380,2559,1068,721,986,2076,2150,3432,11,3431,2310,2621,11,3431,2150$$$3683,1734,2667,2551,721,2047,1734,283,1380,2559,1068,721,986,2076,2150,3432,3431,2310,2621,3431,2150
412.jpg$$$本人自己在新民.内蒙古种植上百亩西瓜,种$$$本人自己在新民.内蒙古种植上百亩西瓜种$$$217,2392,3811,1247,3535,3135,1960,13,2031,1920,976,3719,3683,2490,150,1995,3000,986,11,3719$$$217,2392,3811,1247,3535,3135,1960,13,2031,1920,976,3719,3683,2490,150,1995,3000,986,3719
413.jpg$$$友,可按用户要求进行挑选包装,负责运输车辆配送$$$友可按用户要求进行挑选包装负责运输车辆配送$$$3432,11,1544,113,3418,1134,3299,2338,1403,3149,2809,3196,185,3775,11,871,3557,3520,2605,396,1721,2135,2676$$$3432,1544,113,3418,1134,3299,2338,1403,3149,2809,3196,185,3775,871,3557,3520,2605,396,1721,2135,2676
414.jpg$$$等服务,绝对亲民价格,没有其他中间商倒价,西瓜口$$$等服务绝对亲民价格没有其他中间商倒价西瓜口$$$603,845,2994,11,1497,709,2310,1960,1280,926,11,1906,3431,2229,2722,3713,1289,2487,588,1280,11,3000,986,1561$$$603,845,2994,1497,709,2310,1960,1280,926,1906,3431,2229,2722,3713,1289,2487,588,1280,3000,986,1561
415.jpg$$$感好,皮薄,熟度好,耐运输,价格便宜,物流广泛,$$$感好皮薄熟度好耐运输价格便宜物流广泛$$$893,1068,11,2165,188,11,2613,697,1068,11,2018,3520,2605,11,1280,926,254,3332,11,2992,1778,1006,777,11$$$893,1068,2165,188,2613,697,1068,2018,3520,2605,1280,926,254,3332,2992,1778,1006,777
416.jpg$$$交通顺畅,废话不多少,欢迎各界朋友前来考察与采$$$交流顺畅废话不多少欢迎各界朋友前来考察与采$$$1342,2827,2650,384,11,798,1143,308,721,2500,11,1149,3396,932,1386,2150,3432,2271,1617,1531,357,3458,322$$$1342,1778,2650,384,798,1143,308,721,2500,1149,3396,932,1386,2150,3432,2271,1617,1531,357,3458,322
417.jpg$$$购,并诚信结交天下朋友,一回生二回熟,都是实惠$$$购并诚信结交天下朋友一回生二回熟都是实惠$$$965,11,283,422,3138,1380,1342,2801,3041,2150,3432,11,3316,1183,2533,751,1183,2613,11,685,2576,2558,1188$$$965,283,422,3138,1380,1342,2801,3041,2150,3432,3316,1183,2533,751,1183,2613,685,2576,2558,1188
418.jpg$$$联系人;小迪。联系电话:13654011522微信号$$$联系人小迪。联系电话:13654011522微信号$$$1701,3028,2392,26,3102,610,6862,1701,3028,634,1143,25,16,18,21,20,19,15,16,16,20,17,17,2915,3138,1070$$$1701,3028,2392,3102,610,6862,1701,3028,634,1143,25,16,18,21,20,19,15,16,16,20,17,17,2915,3138,1070
434.jpg$$$个性签名$$$个人签名$$$931,3153,2264,1970$$$931,2392,2264,1970
435.jpg$$$依心而行,无憾今生!$$$无憾今生!$$$3321,3137,745,3149,11,2975,1055,1396,2533,0$$$2975,1055,1396,2533,0
439.jpg$$$韩国3D网游《Knight》$$$韩国3D网游《Knight》$$$1044,1029,18,35,2907,3429,6863,42,77,72,70,71,83,6864$$$1044,1029,18,35,2907,3429,6863,42,77,72,70,71,83,6864
440.jpg$$$KNOBHF$$$KNIGHT$$$42,45,46,33,39,37$$$42,45,40,38,39,51
442.jpg$$$经营$$$经营:$$$1422,3393$$$1422,3393,25
446.jpg$$$新鲜果蔬可送货上门,欢迎订购:$$$新鲜果蔬可送货上门欢迎订购:$$$3135,3049,1030,2600,1544,2676,1212,2490,1916,11,1149,3396,666,965,25$$$3135,3049,1030,2600,1544,2676,1212,2490,1916,1149,3396,666,965,25
447.jpg$$$地址:陈桥镇北两公里,路西面$$$地址:陈桥镇北两公里路西面$$$619,3688,25,409,2292,3653,204,1720,950,1676,11,1808,3000,1949$$$619,3688,25,409,2292,3653,204,1720,950,1676,1808,3000,1949
449.jpg$$$电话:15755897686李佳明$$$电话15755897686李佳明$$$634,1143,25,16,20,22,20,20,23,24,22,21,23,21,1675,1270,1966$$$634,1143,16,20,22,20,20,23,24,22,21,23,21,1675,1270,1966
451.jpg$$$地址:颖上县陈桥镇北两公里,$$$地址:颖上县陈桥镇北两公里$$$619,3688,25,3400,2490,3063,409,2292,3653,204,1720,950,1676,11$$$619,3688,25,3400,2490,3063,409,2292,3653,204,1720,950,1676
461.jpg$$$手机:15982488538$$$手机:15982188538$$$2591,1217,25,16,20,24,23,17,19,23,23,20,18,23$$$2591,1217,25,16,20,24,23,17,16,23,23,20,18,23
462.jpg$$$13688453066$$$13688153066$$$16,18,21,23,23,19,20,18,15,21,21$$$16,18,21,23,23,16,20,18,15,21,21
465.jpg$$$CALLIPYGE$$$CALLIPYGE$$$34,32,43,43,40,47,56,38,36$$$34,32,43,43,40,47,56,38,36
466.jpg$$$-口咬定8[PolyLion金牌欧标]$$$一口咬定8[PolyLion金牌欧标]$$$12,1561,3296,665,23,58,47,78,75,88,43,72,78,77,1395,2105,2090,261,60$$$3316,1561,3296,665,23,58,47,78,75,88,43,72,78,77,1395,2105,2090,261,60
470.jpg$$$¥899$$$?899$$$6857,23,24,24$$$30,23,24,24
472.jpg$$$Makemenstrongerandmoreexciting$$$Makemenstrongerandmoreexciting$$$44,64,74,68,76,68,77,82,83,81,78,77,70,68,81,64,77,67,76,78,81,68,68,87,66,72,83,72,77,70$$$44,64,74,68,76,68,77,82,83,81,78,77,70,68,81,64,77,67,76,78,81,68,68,87,66,72,83,72,77,70
473.jpg$$$DesignedforAsianBoystosimulaterealsuction$$$DesignedforAsianBoystosimulaterealsuction$$$35,68,82,72,70,77,68,67,69,78,81,32,82,72,64,77,33,78,88,82,83,78,82,72,76,84,75,64,83,68,81,68,64,75,82,84,66,83,72,78,77$$$35,68,82,72,70,77,68,67,69,78,81,32,82,72,64,77,33,78,88,82,83,78,82,72,76,84,75,64,83,68,81,68,64,75,82,84,66,83,72,78,77
474.jpg$$$房模龙咱经理$$$房模龙项目经理$$$782,1976,1781,3536,1422,1674$$$782,1976,1781,3085,2004,1422,1674
478.jpg$$$惠州总部:惠州市惠城区江北三新工业园$$$惠州总部:惠州市惠城区江北三新工业区$$$1188,3726,3819,312,25,1188,3726,2585,1188,414,2343,1328,204,2442,3135,943,3310,3493$$$1188,3726,3819,312,25,1188,3726,2585,1188,414,2343,1328,204,2442,3135,943,3310,2343
485.jpg$$$地址:山东聊城莘县董社庄镇程营市场$$$地址:山东聊城莘县董杜庄镇程营市场$$$619,3688,25,2472,668,1727,414,4341,3063,670,2514,3774,3653,419,3393,2585,376$$$619,3688,25,2472,668,1727,414,4341,3063,670,694,3774,3653,419,3393,2585,376
490.jpg$$$辉都孵化设备$$$辉阳孵化设备$$$1179,685,836,1142,2515,211$$$1179,3279,836,1142,2515,211
494.jpg$$$CHINAREADINGLIMITED$$$CHINAREADINGLIMITED$$$34,39,40,45,32,49,36,32,35,40,45,38,43,40,44,40,51,36,35$$$34,39,40,45,32,49,36,32,35,40,45,38,43,40,44,40,51,36,35
495.jpg$$$阑世界悦无界$$$阅世界悦无界$$$1624,2569,1386,3512,2975,1386$$$3513,2569,1386,3512,2975,1386
498.jpg$$$雪梨.甲鸭梨.贵妃梨$$$雪梨.鸭梨.贵妇梨$$$3204,1667,13,1276,3223,1667,13,1022,5160,1667$$$3204,1667,13,3223,1667,13,1022,875,1667
503.jpg$$$Chen2000305$$$chen2000305$$$34,71,68,77,17,15,15,15,18,15,20$$$66,71,68,77,17,15,15,15,18,15,20
524.jpg$$$联系地址河南省商丘市民权县$$$联系地址河南省商丘市民政县$$$1701,3028,619,3688,1084,2020,2538,2487,2335,2585,1960,2357,3063$$$1701,3028,619,3688,1084,2020,2538,2487,2335,2585,1960,3665,3063
525.jpg$$$请输入街道.门牌等详细地址,不超过30个字$$$请输入街道.门牌等详细地址.不超过30个字$$$2330,2605,2424,1369,595,13,1916,2105,603,3081,3031,619,3688,11,308,387,1032,18,15,931,3813$$$2330,2605,2424,1369,595,13,1916,2105,603,3081,3031,619,3688,13,308,387,1032,18,15,931,3813
541.jpg$$$终国知巴!$$$终成知己!$$$3718,1029,3675,138,0$$$3718,416,3675,1247,0
542.jpg$$$知已网抢人:阳来$$$知己网创始人:胡辛$$$3675,3338,2907,2287,2392,25,3279,1617$$$3675,1247,2907,489,2565,2392,25,1123,3134
543.jpg$$$扫描三维码。添加他的微信$$$扫描二维码添加他的微信$$$2451,1951,2442,2925,1860,6862,2802,1272,2722,599,2915,3138$$$2451,1951,751,2925,1860,2802,1272,2722,599,2915,3138
544.jpg$$$纯陈麦需要的私聊..$$$纯陈麦需要的私聊......$$$500,409,1868,3173,3299,599,2660,1727,13,13$$$500,409,1868,3173,3299,599,2660,1727,13,13,13,13,13,13
545.jpg$$$chunchenmaixuyaodesiliao....$$$chunchenmaixuyaodesiliao......$$$66,71,84,77,66,71,68,77,76,64,72,87,84,88,64,78,67,68,82,72,75,72,64,78,13,13,13,13$$$66,71,84,77,66,71,68,77,76,64,72,87,84,88,64,78,67,68,82,72,75,72,64,78,13,13,13,13,13,13
553.jpg$$$Weinan$$$weinan$$$54,68,72,77,64,77$$$86,68,72,77,64,77
555.jpg$$$温室冬枣需要$$$室温冬枣需要$$$2947,2587,669,3547,3173,3299$$$2587,2947,669,3547,3173,3299
556.jpg$$$。.$$$。。$$$6862,13$$$6862,6862
559.jpg$$$年,有充足货源,可帮调$$$可帮调$$$2047,11,3431,443,3826,1212,3497,11,1544,172,650$$$1544,172,650
561.jpg$$$国各地,欢迎考察,联系$$$联系$$$1029,932,619,11,1149,3396,1531,357,11,1701,3028$$$1701,3028
562.jpg$$$人小谷,联系地址新疆昌$$$联系地址新疆昌$$$2392,3102,979,11,1701,3028,619,3688,3135,1329,374$$$1701,3028,619,3688,3135,1329,374
563.jpg$$$吉联系电话18236632851$$$联系电话18236632851$$$1231,1701,3028,634,1143,16,23,17,18,21,21,18,17,23,20,16$$$1701,3028,634,1143,16,23,17,18,21,21,18,17,23,20,16
565.jpg$$$安农二号:金成五号$$$安农二号金城五号$$$111,2076,751,1070,25,1395,416,2982,1070$$$111,2076,751,1070,1395,414,2982,1070
572.jpg$$$微信同)$$$(微信同)$$$2915,3138,2831,8$$$7,2915,3138,2831,8
581.jpg$$$百田$$$一亩田$$$150,2804$$$3316,1995,2804
582.jpg$$$iMUTWAE$$$YIMUTIAN$$$72,44,52,51,54,32,36$$$56,40,44,52,51,40,32,45
585.jpg$$$Newfarmers$$$Newfarmers$$$45,68,86,69,64,81,76,68,81,82$$$45,68,86,69,64,81,76,68,81,82
595.jpg$$$M-AUDIO$$$M-AUDIO$$$44,12,32,52,35,40,46$$$44,12,32,52,35,40,46
598.jpg$$$wsl/9305$$$wsll9305$$$86,82,75,14,24,18,15,20$$$86,82,75,75,24,18,15,20
600.jpg$$$Loveisthatcondition$$$Loveisthatcondition$$$43,78,85,68,72,82,83,71,64,83,66,78,77,67,72,83,72,78,77$$$43,78,85,68,72,82,83,71,64,83,66,78,77,67,72,83,72,78,77
601.jpg$$$nwhichthehappiness$$$inwhichthehappiness$$$77,86,71,72,66,71,83,71,68,71,64,79,79,72,77,68,82,82$$$72,77,86,71,72,66,71,83,71,68,71,64,79,79,72,77,68,82,82
602.jpg$$$ofanotherpersonis$$$ofanotherpersonis$$$78,69,64,77,78,83,71,68,81,79,68,81,82,78,77,72,82$$$78,69,64,77,78,83,71,68,81,79,68,81,82,78,77,72,82
603.jpg$$$essentiol$$$essential$$$68,82,82,68,77,83,72,78,75$$$68,82,82,68,77,83,72,64,75
608.jpg$$$微信号:13890819110$$$微信号:13890818110$$$2915,3138,1070,25,16,18,23,24,15,23,16,24,16,16,15$$$2915,3138,1070,25,16,18,23,24,15,23,16,23,16,16,15
610.jpg$$$各种土鸡苗.绿壳蛋鸡苗.九斤黄.麻A$$$各种土鸡苗.;绿壳蛋鸡苗.九斤黄.麻A$$$932,3719,2852,1227,1950,13,1829,1542,579,1227,1950,13,1446,1394,1165,13,1858,32$$$932,3719,2852,1227,1950,13,26,1829,1542,579,1227,1950,13,1446,1394,1165,13,1858,32
611.jpg$$$温氏麻鸡系列苗.黑乌鸡苗.珍珠鸡苗.$$$温室马季系列苗.黑乌鸡苗.珍珠鸡苗.$$$2947,2584,1858,1227,3028,1739,1950,13,1091,2971,1227,1950,13,3639,3738,1227,1950,13$$$2947,2587,1862,1251,3028,1739,1950,13,1091,2971,1227,1950,13,3639,3738,1227,1950,13
617.jpg$$$执业兽医)$$$(执业兽医)$$$3685,3310,2599,3318,8$$$7,3685,3310,2599,3318,8
619.jpg$$$军神$$$军利$$$1501,2524$$$1501,1688
627.jpg$$$200686468.qzone.qq.com$$$200668458.qzone.qq.com$$$17,15,15,21,23,21,19,21,23,13,80,89,78,77,68,13,80,80,13,66,78,76$$$17,15,15,21,21,23,19,20,23,13,80,89,78,77,68,13,80,80,13,66,78,76
631.jpg$$$Whydoboxing$$$Whydoboxing$$$54,71,88,67,78,65,78,87,72,77,70$$$54,71,88,67,78,65,78,87,72,77,70
633.jpg$$$JINGWANG$$$JINGWANG$$$41,40,45,38,54,32,45,38$$$41,40,45,38,54,32,45,38
635.jpg$$$Kenmont?$$$Kenmont$$$42,68,77,76,78,77,83,30$$$42,68,77,76,78,77,83
637.jpg$$$喜欢的动漫的小伙伴点播关注$$$喜欢动漫的小伙伴点播关注$$$3025,1149,599,672,1879,599,3102,1206,166,630,286,995,3761$$$3025,1149,672,1879,599,3102,1206,166,630,286,995,3761
638.jpg$$$师傅天才Reborn房间27629$$$师傅天才Reborn房间27629$$$2543,866,2801,318,49,68,65,78,81,77,782,1289,17,22,21,17,24$$$2543,866,2801,318,49,68,65,78,81,77,782,1289,17,22,21,17,24
644.jpg$$$HOtata好太太$$$Hotata好太太$$$39,46,83,64,83,64,1068,2736,2736$$$39,78,83,64,83,64,1068,2736,2736
649.jpg$$$HERBORIST$$$HERBORIST$$$39,36,49,33,46,49,40,50,51$$$39,36,49,33,46,49,40,50,51
651.jpg$$$Lifting&FirmingCystalMask$$$Lifting&FrmingCrytalMask$$$43,72,69,83,72,77,70,5,37,72,81,76,72,77,70,34,88,82,83,64,75,44,64,82,74$$$43,72,69,83,72,77,70,5,37,81,76,72,77,70,34,81,88,83,64,75,44,64,82,74
653.jpg$$$微信:18608022167诚招代理,一件代发$$$微信:18608022167诚招代理一件代发$$$2915,3138,25,16,23,21,15,23,15,17,17,16,21,22,422,3619,559,1674,11,3316,1315,559,753$$$2915,3138,25,16,23,21,15,23,15,17,17,16,21,22,422,3619,559,1674,3316,1315,559,753
656.jpg$$$照射,且温度较高,有利$$$照射且温度较高有利$$$3624,2511,11,2305,2947,697,1362,908,11,3431,1688$$$3624,2511,2305,2947,697,1362,908,3431,1688
659.jpg$$$耳后体温最高,非常有助于$$$耳后体温最高非常有助于$$$747,1116,2794,2947,3837,908,11,790,378,3431,3755,3441$$$747,1116,2794,2947,3837,908,790,378,3431,3755,3441
665.jpg$$$参加聚餐时香水喷在腰下,比喷在$$$参加聚餐时香水喷在腰下比喷在$$$327,1272,1468,326,2554,3074,2645,2138,3535,3287,3041,11,227,2138,3535$$$327,1272,1468,326,2554,3074,2645,2138,3535,3287,3041,227,2138,3535
666.jpg$$$露出来的肌肤上,更能使香味随着$$$露出来的肌肤上更能使香味随着$$$1807,461,1617,599,1222,835,2490,11,937,2033,2562,3074,2935,2701,3796$$$1807,461,1617,599,1222,835,2490,937,2033,2562,3074,2935,2701,3796
669.jpg$$$在走动过程中,会由下往上散发$$$在走动过程中会由下往上散发$$$3535,3822,672,1032,419,3713,11,1192,3424,3041,2908,2490,2445,753$$$3535,3822,672,1032,419,3713,1192,3424,3041,2908,2490,2445,753
670.jpg$$$香气,女性如穿丝袜直接喷在丝$$$香气女性如穿丝袜直接喷在丝$$$3074,2249,11,2081,3153,2420,478,2662,2883,3682,1366,2138,3535,2662$$$3074,2249,2081,3153,2420,478,2662,2883,3682,1366,2138,3535,2662
672.jpg$$$脚课关节$$$脚踝关节$$$1352,1549,995,1373$$$1352,6629,995,1373
673.jpg$$$脚踝上方喷香水,在每次行走的过程$$$脚踝上方喷香水在每次行走的过程$$$1352,6629,2490,780,2138,3074,2645,11,3535,1910,515,3149,3822,599,1032,419$$$1352,6629,2490,780,2138,3074,2645,3535,1910,515,3149,3822,599,1032,419
676.jpg$$$纯色的魅力C1assieP1aid$$$纯色的魅力ClassicPlaid$$$500,2454,599,6802,1697,34,16,64,82,82,72,68,47,16,64,72,67$$$500,2454,599,6802,1697,34,75,64,82,82,72,66,47,75,64,72,67
679.jpg$$$高档奢华莫代尔床品四件套,采用细腻$$$高档奢华莫代尔床品四件套采用细腻$$$908,584,2504,1137,1983,559,748,487,2184,2667,1315,2780,11,322,3418,3031,2042$$$908,584,2504,1137,1983,559,748,487,2184,2667,1315,2780,322,3418,3031,2042
680.jpg$$$与柔软的长处,透气润滑亲肤。$$$与柔软的长处透气润滑亲肤$$$3458,2414,2426,599,379,475,11,2843,2249,2432,1139,2310,835,6862$$$3458,2414,2426,599,379,475,2843,2249,2432,1139,2310,835
681.jpg$$$莫代尔纯色蕾丝花边装饰,被套内加入绗缝棉层夏$$$莫代尔纯色蕾丝花边装饰被套内加入绗棉层夏$$$1983,559,748,500,2454,1654,2662,1135,250,3775,2583,11,214,2780,2031,1272,2424,5270,827,1941,348,3043$$$1983,559,748,500,2454,1654,2662,1135,250,3775,2583,214,2780,2031,1272,2424,5270,1941,348,3043
682.jpg$$$季可用做夏凉被,简约大方。$$$季可用作夏凉被简约大方$$$1251,1544,3418,3845,3043,1716,214,11,1303,3505,552,780,6862$$$1251,1544,3418,3846,3043,1716,214,1303,3505,552,780
683.jpg$$$虹彩气模4000869598$$$彩虹气模4000869598$$$1104,323,2249,1976,19,15,15,15,23,21,24,20,24,23$$$323,1104,2249,1976,19,15,15,15,23,21,24,20,24,23
685.jpg$$$虹彩气模400086959%$$$彩虹气模4000869598$$$1104,323,2249,1976,19,15,15,15,23,21,24,20,24,4$$$323,1104,2249,1976,19,15,15,15,23,21,24,20,24,23
687.jpg$$$虹彩气模4000869598$$$彩虹气模4000869598$$$1104,323,2249,1976,19,15,15,15,23,21,24,20,24,23$$$323,1104,2249,1976,19,15,15,15,23,21,24,20,24,23
690.jpg$$$CozyStylePH$$$CozyStylePH$$$34,78,89,88,50,83,88,75,68,47,39$$$34,78,89,88,50,83,88,75,68,47,39
691.jpg$$$温馨爆款$$$文新爆款$$$2947,4240,199,1581$$$2949,3135,199,1581
692.jpg$$$MEKBELLT$$$MEKBELT$$$44,36,42,33,36,43,43,51$$$44,36,42,33,36,43,51
693.jpg$$$MEKTRAININGGEAR$$$MEKTRAININGGEAR$$$44,36,42,51,49,32,40,45,40,45,38,38,36,32,49$$$44,36,42,51,49,32,40,45,40,45,38,38,36,32,49
696.jpg$$$ABSX.BODYX$$$ABSXBODYX$$$32,33,50,55,13,33,46,35,56,55$$$32,33,50,55,33,46,35,56,55
699.jpg$$$FITNESSSYSTEM$$$FITNESSSYSTEM$$$37,40,51,45,36,50,50,50,56,50,51,36,44$$$37,40,51,45,36,50,50,50,56,50,51,36,44
704.jpg$$$MARVDIJQUS$$$MARVELLOUS$$$44,32,49,53,35,40,41,48,52,50$$$44,32,49,53,36,43,43,46,52,50
706.jpg$$$精美外观让你$$$精彩外观让你$$$1420,1911,2885,998,2384,2040$$$1420,323,2885,998,2384,2040
710.jpg$$$最爱逛街,买买买!$$$最爱逛街买买买!$$$3837,107,1007,1369,11,1867,1867,1867,0$$$3837,107,1007,1369,1867,1867,1867,0
713.jpg$$$不是阳光,是灯光$$$不是阳光是灯光$$$308,2576,3279,1005,11,2576,601,1005$$$308,2576,3279,1005,2576,601,1005
714.jpg$$$未修山胡$$$不修边胡$$$2933,3163,2472,1123$$$308,3163,250,1123
717.jpg$$$5月18日21:01来自iPhone6$$$5月8日21:01来自iPhone6$$$20,3511,16,23,2402,17,16,25,15,16,1617,3811,72,47,71,78,77,68,21$$$20,3511,23,2402,17,16,25,15,16,1617,3811,72,47,71,78,77,68,21
722.jpg$$$CG麦蒲$$$CG卖蒲$$$34,38,1868,2210$$$34,38,1869,2210
723.jpg$$$芒世麦辅$$$CG卖蒲$$$1881,2569,1868,853$$$34,38,1869,2210
724.jpg$$$cGmam.taobao.com$$$CGmap.taobao.com$$$66,38,76,64,76,13,83,64,78,65,64,78,13,66,78,76$$$34,38,76,64,79,13,83,64,78,65,64,78,13,66,78,76
725.jpg$$$CGmap.taobao.com$$$CGmap.taobao.com$$$34,38,76,64,79,13,83,64,78,65,64,78,13,66,78,76$$$34,38,76,64,79,13,83,64,78,65,64,78,13,66,78,76
726.jpg$$$杭州宋城门票+干古情演出$$$杭州宋城门票+千古情演出$$$1061,3726,2677,414,1916,2178,10,886,976,2328,3256,461$$$1061,3726,2677,414,1916,2178,10,2262,976,2328,3256,461
732.jpg$$$招聘淘宝好评师!工资一单一结,5-20元$$$招聘淘宝好评师!工资一单一结5-20元$$$3619,2185,2777,193,1068,2193,2543,0,943,3801,3316,568,3316,1380,11,20,12,17,15,3487$$$3619,2185,2777,193,1068,2193,2543,0,943,3801,3316,568,3316,1380,20,12,17,15,3487
733.jpg$$$一单,3-10分钟完成一单,!时间.地点$$$一单3-10分钟完成一单!时间.地点$$$3316,568,11,18,12,16,15,805,3716,2893,416,3316,568,11,0,2554,1289,13,619,630$$$3316,568,18,12,16,15,805,3716,2893,416,3316,568,0,2554,1289,13,619,630
738.jpg$$$搜索等!有意者联系$$$.搜索等!有意者联系$$$2680,2718,603,0,3431,3355,3634,1701,3028$$$13,2680,2718,603,0,3431,3355,3634,1701,3028
741.jpg$$$https://cmtubu.taobao.com$$$https://cmtubu.taobao.com$$$71,83,83,79,82,25,14,14,66,76,83,84,65,84,13,83,64,78,65,64,78,13,66,78,76$$$71,83,83,79,82,25,14,14,66,76,83,84,65,84,13,83,64,78,65,64,78,13,66,78,76
743.jpg$$$VOOa$$$voda$$$53,46,46,64$$$85,78,67,64
744.jpg$$$SWim$$$swim$$$50,54,72,76$$$82,86,72,76
745.jpg$$$SarongCoveUb$$$SarongCoverUp$$$50,64,81,78,77,70,34,78,85,68,52,65$$$50,64,81,78,77,70,34,78,85,68,81,52,79
749.jpg$$$老板说要秒回=^*=$$$老板说要秒回=^w^=$$$1644,162,2652,3299,1954,1183,28,61,9,28$$$1644,162,2652,3299,1954,1183,28,61,86,61,28
751.jpg$$$www小云88(2015-07-0712:09:27)$$$www小云88(2015-07-0712:09:27):$$$86,86,86,3102,3515,23,23,7,17,15,16,20,12,15,22,12,15,22,16,17,25,15,24,25,17,22,8$$$86,86,86,3102,3515,23,23,7,17,15,16,20,12,15,22,12,15,22,16,17,25,15,24,25,17,22,8,25
752.jpg$$$刚收到就脱胶了,不要$$$刚收到就脱胶了不要$$$898,2590,592,1454,2868,1341,1734,11,308,3299$$$898,2590,592,1454,2868,1341,1734,308,3299
753.jpg$$$地址发我,退货吧$$$地址发我退货吧$$$619,3688,753,2963,11,2862,1212,134$$$619,3688,753,2963,2862,1212,134
754.jpg$$$紫萸香旗舰店:小香(2015-07-0712:09:37)$$$紫萸香旗舰店:小香(2015-07-0712:09:37):$$$3806,4357,3074,2237,1317,637,25,3102,3074,7,17,15,16,20,12,15,22,12,15,22,16,17,25,15,24,25,18,22,8$$$3806,4357,3074,2237,1317,637,25,3102,3074,7,17,15,16,20,12,15,22,12,15,22,16,17,25,15,24,25,18,22,8,25
757.jpg$$$这个鞋底不是开胶鞋底是不干胶鞋的,天气比较$$$这个鞋底不是开胶鞋底是不干胶鞋的天气比较$$$3637,931,3113,618,308,2576,1513,1341,3113,618,2576,308,886,1341,3113,599,11,2801,2249,227,1362$$$3637,931,3113,618,308,2576,1513,1341,3113,618,2576,308,886,1341,3113,599,2801,2249,227,1362
759.jpg$$$天禾种业种都五号莴笋种子$$$天禾种业中都五号莴笋种子$$$2801,1077,3719,3310,3719,685,2982,1070,4329,2712,3719,3810$$$2801,1077,3719,3310,3713,685,2982,1070,4329,2712,3719,3810
760.jpg$$$种都五号种都五号$$$中都五号中都五号$$$3719,685,2982,1070,3719,685,2982,1070$$$3713,685,2982,1070,3713,685,2982,1070
762.jpg$$$kooleam$$$l《oolearn$$$74,78,78,75,68,64,76$$$75,6863,78,78,75,68,64,81,77
769.jpg$$$有手机,平板.电脑能网上即可!$$$有手机平板电脑能网上即可!$$$3431,2591,1217,11,2190,162,13,634,2025,2033,2907,2490,1241,1544,0$$$3431,2591,1217,2190,162,634,2025,2033,2907,2490,1241,1544,0
770.jpg$$$多费多得.上不封顶!$$$多劳多得.上不封顶!$$$721,800,721,598,13,2490,308,817,662,0$$$721,1642,721,598,13,2490,308,817,662,0
773.jpg$$$PRODUCTMANUAL$$$PRODUCTMANUAL$$$47,49,46,35,52,34,51,44,32,45,52,32,43$$$47,49,46,35,52,34,51,44,32,45,52,32,43
775.jpg$$$[汉语拼音]TanSuanGaiD3Pian$$$[汉语拼音]TanSuanGaiD3Pian$$$58,1059,3462,2181,3373,60,51,64,77,50,84,64,77,38,64,72,35,18,47,72,64,77$$$58,1059,3462,2181,3373,60,51,64,77,50,84,64,77,38,64,72,35,18,47,72,64,77
777.jpg$$$125国际单位。$$$125国际单位.$$$16,17,20,1029,1263,568,2940,6862$$$16,17,20,1029,1263,568,2940,13
778.jpg$$$[性状]本品为薄膜包衣片,除去包衣后,显白色或灰白色。$$$[性状]本品为薄膜包衣片除去包衣后显白色或灰白色$$$58,3153,3779,60,217,2184,2923,188,1977,185,3323,2173,11,468,2354,185,3323,1116,11,3059,148,2454,1209,1177,148,2454,6862$$$58,3153,3779,60,217,2184,2923,188,1977,185,3323,2173,468,2354,185,3323,1116,3059,148,2454,1209,1177,148,2454
779.jpg$$$质疏松症。$$$质疏松症.$$$3707,2609,2672,3667,6862$$$3707,2609,2672,3667,13
781.jpg$$$[用法用量]口服.每日1次,每次1-2片。$$$[用法用量]口服.每日1次每次1-2片.$$$58,3418,759,3418,1722,60,1561,845,13,1910,2402,16,515,11,1910,515,16,12,17,2173,6862$$$58,3418,759,3418,1722,60,1561,845,13,1910,2402,16,515,1910,515,16,12,17,2173,13
782.jpg$$$[不良反应]1.嗳气,便秘。$$$[不良反应]1.嗳气便秘.$$$58,308,1719,771,3389,60,16,13,4640,2249,11,254,1935,6862$$$58,308,1719,771,3389,60,16,13,4640,2249,254,1935,13
783.jpg$$$及肾功能不全(因服用牛奶及碳酸钙或单用碳酸钙引起)。$$$及肾功能不全(因服用牛奶及碳酸钙或单用碳酸钙引起).$$$1237,2529,945,2033,308,2360,7,3371,845,3418,2070,2017,1237,2753,2696,883,1209,568,3418,2753,2696,883,3382,2241,8,6862$$$1237,2529,945,2033,308,2360,7,3371,845,3418,2070,2017,1237,2753,2696,883,1209,568,3418,2753,2696,883,3382,2241,8,13
784.jpg$$$[禁忌]高钙血症.高尿酸血症禁用。$$$[禁忌]高钙血症.高尿酸血症禁用.$$$58,1406,1262,60,908,883,3205,3667,13,908,2055,2696,3205,3667,1406,3418,6862$$$58,1406,1262,60,908,883,3205,3667,13,908,2055,2696,3205,3667,1406,3418,13
785.jpg$$$[注意事项]1.心肾功能不全者慎用。$$$[注意事项]1.心肾功能不全者慎用.$$$58,3761,3355,2571,3085,60,16,13,3137,2529,945,2033,308,2360,3634,2530,3418,6862$$$58,3761,3355,2571,3085,60,16,13,3137,2529,945,2033,308,2360,3634,2530,3418,13
786.jpg$$$2.如服用过量或出现严重不良反应,应立即就医.$$$2.如服用过量或出现严重不良反应应立即就医.$$$17,13,2420,845,3418,1032,1722,1209,461,3061,3242,3721,308,1719,771,3389,11,3389,1693,1241,1454,3318,13$$$17,13,2420,845,3418,1032,1722,1209,461,3061,3242,3721,308,1719,771,3389,3389,1693,1241,1454,3318,13
787.jpg$$$3.对本品过敏者禁用,过敏体质者慎用。$$$3.对本品过敏者禁用过敏体质者慎用.$$$18,13,709,217,2184,1032,1963,3634,1406,3418,11,1032,1963,2794,3707,3634,2530,3418,6862$$$18,13,709,217,2184,1032,1963,3634,1406,3418,1032,1963,2794,3707,3634,2530,3418,13
788.jpg$$$SNOOPY$$$SNOOPY$$$50,45,46,46,47,56$$$50,45,46,46,47,56
789.jpg$$$sNOOPY$$$SNOOPY$$$82,45,46,46,47,56$$$50,45,46,46,47,56
797.jpg$$$最高优惠2.8万观车少老款将停产$$$最高优惠2.8万现车少老款将停产$$$3837,908,3420,1188,17,13,23,2901,998,396,2500,1644,1581,1326,2822,371$$$3837,908,3420,1188,17,13,23,2901,3061,396,2500,1644,1581,1326,2822,371
801.jpg$$$CROSS认准官方正品保障终身保修$$$CROSS认准官方正品保障终身维修$$$34,49,46,50,50,2396,3787,996,780,3664,2184,190,3618,3718,2520,190,3163$$$34,49,46,50,50,2396,3787,996,780,3664,2184,190,3618,3718,2520,2925,3163
811.jpg$$$枸橼酸氢钾钠颗粒$$$枸缘酸氢钾钠颗粒$$$5411,5504,2696,2321,1277,2011,1540,1694$$$5411,3498,2696,2321,1277,2011,1540,1694
813.jpg$$$为2.5g,共10g颗粒),分三次饭后服用。早晨.$$$为2.5g共10g颗粒)分三次饭后服用.早晨.$$$2923,17,13,20,70,11,957,16,15,70,1540,1694,8,11,805,2442,515,776,1116,845,3418,6862,3548,406,13$$$2923,17,13,20,70,957,16,15,70,1540,1694,8,805,2442,515,776,1116,845,3418,13,3548,406,13
814.jpg$$$中午各一量匙,晚上服两量匙。颗粒可以用水$$$中午各一量匙晚上服两量匙.颗粒可以用水$$$3713,2984,932,3316,1722,430,11,2896,2490,845,1720,1722,430,6862,1540,1694,1544,3341,3418,2645$$$3713,2984,932,3316,1722,430,2896,2490,845,1720,1722,430,13,1540,1694,1544,3341,3418,2645
815.jpg$$$冲服.请详细阅读说明书。$$$冲服.请详细阅读说明书.$$$444,845,13,2330,3081,3031,3513,690,2652,1966,2610,6862$$$444,845,13,2330,3081,3031,3513,690,2652,1966,2610,13
816.jpg$$$MADAUSGmbH$$$MADAUSGmbH$$$44,32,35,32,52,50,38,76,65,39$$$44,32,35,32,52,50,38,76,65,39
817.jpg$$$Germany$$$Germany$$$38,68,81,76,64,77,88$$$38,68,81,76,64,77,88
818.jpg$$$MADAUS$$$MADAUS$$$44,32,35,32,52,50$$$44,32,35,32,52,50
821.jpg$$$[成份]知母.黄柏.熟地黄.山某英$$$[成份]知母.黄柏.熟地黄.山茱萸$$$58,416,812,60,3675,1997,13,1165,149,13,2613,619,1165,13,2472,1992,3385$$$58,416,812,60,3675,1997,13,1165,149,13,2613,619,1165,13,2472,4303,4357
822.jpg$$$(制.牡丹皮.山药.茯苓.$$$(制).牡丹皮.山药.茯苓.$$$7,3703,13,1994,567,2165,13,2472,3298,13,4306,4287,13$$$7,3703,8,13,1994,567,2165,13,2472,3298,13,4306,4287,13
823.jpg$$$泽泻.辅料为:蜂蜜。$$$泽泻.辅料为:蜂蜜.$$$3560,3127,13,853,1738,2923,25,819,1938,6862$$$3560,3127,13,853,1738,2923,25,819,1938,13
824.jpg$$$[性状]本品为棕黑色的水蜜丸;味甜$$$[性状]本品为棕黑色的水蜜丸:味甜$$$58,3153,3779,60,217,2184,2923,3815,1091,2454,599,2645,1938,2891,26,2935,2805$$$58,3153,3779,60,217,2184,2923,3815,1091,2454,599,2645,1938,2891,25,2935,2805
825.jpg$$$而带酸苦。$$$而带酸苦.$$$745,557,2696,1567,6862$$$745,557,2696,1567,13
826.jpg$$$[功能主治]滋阴降火.用于阴虚火旺,潮$$$[功能主治]滋阴降火用于阴虚火旺潮$$$58,945,2033,3752,3711,60,3803,3374,1336,1207,13,3418,3441,3374,3174,1207,2909,11,392$$$58,945,2033,3752,3711,60,3803,3374,1336,1207,3418,3441,3374,3174,1207,2909,392
827.jpg$$$热盗汗,口干咽痛,耳鸣遗精,$$$热盗汗口干咽痛耳鸣遗精.$$$2389,596,1058,11,1561,886,3237,2839,11,747,1968,3326,1420,11$$$2389,596,1058,1561,886,3237,2839,747,1968,3326,1420,13
828.jpg$$$小便短.$$$小便短赤.$$$3102,254,701,13$$$3102,254,701,439,13
830.jpg$$$[用法用量]口服.一次6克,一日2次。$$$[用法用量]口服.一次6克一日2次.$$$58,3418,759,3418,1722,60,1561,845,13,3316,515,21,1546,11,3316,2402,17,515,6862$$$58,3418,759,3418,1722,60,1561,845,13,3316,515,21,1546,3316,2402,17,515,13
831.jpg$$$[不良反应]尚不明确。$$$[不良反应]尚不明确$$$58,308,1719,771,3389,60,2491,308,1966,2372,6862$$$58,308,1719,771,3389,60,2491,308,1966,2372
832.jpg$$$[禁忌]高不明确。$$$[禁忌]尚不明确.$$$58,1406,1262,60,908,308,1966,2372,6862$$$58,1406,1262,60,2491,308,1966,2372,13
833.jpg$$$[注意事项]详见说明书。$$$[注意事项]详见说明书.$$$58,3761,3355,2571,3085,60,3081,1312,2652,1966,2610,6862$$$58,3761,3355,2571,3085,60,3081,1312,2652,1966,2610,13
834.jpg$$$[贮藏]密封。$$$[贮藏]密封$$$58,3757,337,60,1939,817,6862$$$58,3757,337,60,1939,817
839.jpg$$$jinzangshangttn$$$jincangshangpin$$$73,72,77,89,64,77,70,82,71,64,77,70,83,83,77$$$73,72,77,66,64,77,70,82,71,64,77,70,79,72,77
840.jpg$$$mythtaobao.com$$$myth.taobao.com$$$76,88,83,71,83,64,78,65,64,78,13,66,78,76$$$76,88,83,71,13,83,64,78,65,64,78,13,66,78,76
841.jpg$$$实图拍息,盗版必究$$$实图拍摄盗版必究$$$2558,2847,2103,3009,11,596,163,243,1440$$$2558,2847,2103,2510,596,163,243,1440
844.jpg$$$nmixnisszqptaobao.com$$$mixmisszq.taobao.com$$$77,76,72,87,77,72,82,82,89,80,79,83,64,78,65,64,78,13,66,78,76$$$76,72,87,76,72,82,82,89,80,13,83,64,78,65,64,78,13,66,78,76
845.jpg$$$微信:qingkongfly$$$微信:qingkongfly$$$2915,3138,25,80,72,77,70,74,78,77,70,69,75,88$$$2915,3138,25,80,72,77,70,74,78,77,70,69,75,88
852.jpg$$$只有永久的朋友$$$中有永久的朋友$$$3692,3431,3415,1444,599,2150,3432$$$3713,3431,3415,1444,599,2150,3432
856.jpg$$$v信mmkk7070$$$V信mmkk7070$$$85,3138,76,76,74,74,22,15,22,15$$$53,3138,76,76,74,74,22,15,22,15
861.jpg$$$购狂欢节$$$购物狂欢节$$$965,1584,1149,1373$$$965,2992,1584,1149,1373
870.jpg$$$KOMANIC$$$KOMANIC$$$42,46,44,32,45,40,34$$$42,46,44,32,45,40,34
874.jpg$$$手机在线成人影院,点开就$$$手机在线成人影院点开就$$$2591,1217,3535,3070,416,2392,3399,3503,11,630,1513,1454$$$2591,1217,3535,3070,416,2392,3399,3503,630,1513,1454
876.jpg$$$微信pianhua999$$$微信pianhua999$$$2915,3138,79,72,64,77,71,84,64,24,24,24$$$2915,3138,79,72,64,77,71,84,64,24,24,24
886.jpg$$$海南大牌景区,不另外指定购物点。$$$海南大牌景区不另外指定购物店.$$$1036,2020,552,2105,1425,2343,11,308,1768,2885,3689,665,965,2992,630,6862$$$1036,2020,552,2105,1425,2343,308,1768,2885,3689,665,965,2992,637,13
890.jpg$$$全程5正2早,十菜一汤,30元/人/餐$$$全程5正2早十菜一汤30元/人/餐$$$2360,419,20,3664,17,3548,11,2551,324,3316,2757,11,18,15,3487,14,2392,14,326$$$2360,419,20,3664,17,3548,2551,324,3316,2757,18,15,3487,14,2392,14,326
891.jpg$$$(赠送:雨林养生自助餐;南山素自助餐)$$$(赠送:雨林养生自助餐南山素斋自助餐)$$$7,3566,2676,25,3457,1745,3283,2533,3811,3755,326,26,2020,2472,2687,3811,3755,326,8$$$7,3566,2676,25,3457,1745,3283,2533,3811,3755,326,2020,2472,2687,3582,3811,3755,326,8
894.jpg$$$D2南山佛教文化苑景区>>>天涯海角$$$D2南山佛教文华苑景区>>>天涯海角$$$35,17,2020,2472,831,1359,2949,1142,3500,1425,2343,29,29,29,2801,3231,1036,1354$$$35,17,2020,2472,831,1359,2949,1137,3500,1425,2343,29,29,29,2801,3231,1036,1354
897.jpg$$$SERNRERN$$$SERNRERN$$$50,36,49,45,49,36,49,45$$$50,36,49,45,49,36,49,45
899.jpg$$$享受由内开始$$$享受由内衣开始$$$3084,2597,3424,2031,1513,2565$$$3084,2597,3424,2031,3323,1513,2565
901.jpg$$$feelfabulousfastworkouts$$$feelfabulousfastworkouts$$$69,68,68,75,69,64,65,84,75,78,84,82,69,64,82,83,86,78,81,74,78,84,83,82$$$69,68,68,75,69,64,65,84,75,78,84,82,69,64,82,83,86,78,81,74,78,84,83,82
902.jpg$$$YogaQuickFxes$$$YogaQuickFixes$$$56,78,70,64,48,84,72,66,74,37,87,68,82$$$56,78,70,64,48,84,72,66,74,37,72,87,68,82
903.jpg$$$anabrett$$$anabrett$$$64,77,64,65,81,68,83,83$$$64,77,64,65,81,68,83,83
904.jpg$$$ravisingh$$$ravisingh$$$81,64,85,72,82,72,77,70,71$$$81,64,85,72,82,72,77,70,71
906.jpg$$$军团公会1D155621$$$军团公会ID:155651$$$1501,2856,950,1192,16,35,16,20,20,21,17,16$$$1501,2856,950,1192,40,35,25,16,20,20,21,20,16
908.jpg$$$n游论坛$$$九游论坛$$$77,3429,1844,2744$$$1446,3429,1844,2744
910.jpg$$$KEEPYOUNGKEEPSWIMMING$$$KEEPYOUNGKEEPSWIMMING$$$42,36,36,47,56,46,52,45,38,42,36,36,47,50,54,40,44,44,40,45,38$$$42,36,36,47,56,46,52,45,38,42,36,36,47,50,54,40,44,44,40,45,38
917.jpg$$$材质说明$$$材料说明$$$317,3707,2652,1966$$$317,1738,2652,1966
918.jpg$$$原料:聚氯乙烯(pvc)材质$$$原料:聚氯乙烯(pvc)c材质$$$3490,1738,25,1468,1825,3339,3016,7,79,85,66,8,317,3707$$$3490,1738,25,1468,1825,3339,3016,7,79,85,66,8,66,317,3707
922.jpg$$$容量大能放下泳衣.泳帽.$$$(容量大能放下泳衣.泳帽.$$$2410,1722,552,2033,788,3041,3413,3323,13,3413,1896,13$$$7,2410,1722,552,2033,788,3041,3413,3323,13,3413,1896,13
923.jpg$$$泳镜.沐浴露等游泳装备。)$$$泳镜.沐浴露等游泳设备。)$$$3413,1430,13,4951,3478,1807,603,3429,3413,3775,211,6862,8$$$3413,1430,13,4951,3478,1807,603,3429,3413,2515,211,6862,8
925.jpg$$$不可熨烫不可干洗悬挂阴干不可漂白$$$不可熨烫不可干洗悬阴挂干不可漂白$$$308,1544,5785,2769,308,1544,886,3027,3193,989,3374,886,308,1544,2176,148$$$308,1544,5785,2769,308,1544,886,3027,3193,3374,989,886,308,1544,2176,148
927.jpg$$$BOOMGATESCORPORATION$$$BOOMGATESCORPORATION$$$33,46,46,44,38,32,51,36,50,34,46,49,47,46,49,32,51,40,46,45$$$33,46,46,44,38,32,51,36,50,34,46,49,47,46,49,32,51,40,46,45
928.jpg$$$BFXIMAGEWORKS$$$BFXIMAGEWORKS$$$33,37,55,40,44,32,38,36,54,46,49,42,50$$$33,37,55,40,44,32,38,36,54,46,49,42,50
929.jpg$$$inassociationwith$$$INASSOCIATIONWITH$$$72,77,64,82,82,78,66,72,64,83,72,78,77,86,72,83,71$$$40,45,32,50,50,46,34,40,32,51,40,46,45,54,40,51,39
930.jpg$$$PANDATV$$$PANDATV$$$47,32,45,35,32,51,53$$$47,32,45,35,32,51,53
931.jpg$$$coMINGSOON$$$COMNGSOON$$$66,78,44,40,45,38,50,46,46,45$$$34,46,44,45,38,50,46,46,45
932.jpg$$$PANDATV$$$PANDATV$$$47,32,45,35,32,51,53$$$47,32,45,35,32,51,53
933.jpg$$$coMINGS0ON$$$COMNGSOON$$$66,78,44,40,45,38,50,15,46,45$$$34,46,44,45,38,50,46,46,45
935.jpg$$$复刻名表天梭浪琴卡地亚等可货到付款微信:MSby1986$$$复刻名表天梭浪琴卡帝亚等可到货付款微信:MSby1986$$$865,1547,1970,264,2801,2714,1640,2312,1511,619,3234,603,1544,1212,592,867,1581,2915,3138,25,44,50,65,88,16,24,23,21$$$865,1547,1970,264,2801,2714,1640,2312,1511,622,3234,603,1544,592,1212,867,1581,2915,3138,25,44,50,65,88,16,24,23,21
936.jpg$$$Bvdddcad$$$Bvdddcad$$$33,85,67,67,67,66,64,67$$$33,85,67,67,67,66,64,67
947.jpg$$$池消毒氯水侵蚀的同时,与久$$$池消毒氯水侵蚀的同时与久$$$431,3098,687,1825,2645,2309,2557,599,2831,2554,11,3458,1444$$$431,3098,687,1825,2645,2309,2557,599,2831,2554,3458,1444
957.jpg$$$onQiQitaobao.com$$$onQiQ.taobao.com$$$78,77,48,72,48,72,83,64,78,65,64,78,13,66,78,76$$$78,77,48,72,48,13,83,64,78,65,64,78,13,66,78,76
958.jpg$$$佩品娃娃屋蒙奇奇专卖$$$礼品娃娃屋蒙奇奇专卖$$$2136,2184,2881,2881,2974,1920,2231,2231,3767,1869$$$1678,2184,2881,2881,2974,1920,2231,2231,3767,1869
961.jpg$$$FASHIONSTYEL$$$FASHIONSTYEL$$$37,32,50,39,40,46,45,50,51,56,36,43$$$37,32,50,39,40,46,45,50,51,56,36,43
962.jpg$$$充满青春味道的性感泳衣,轻松穿出时尚$$$充满青春味道的性感泳衣轻松穿出时尚$$$443,1875,2319,495,2935,595,599,3153,893,3413,3323,11,2320,2672,478,461,2554,2491$$$443,1875,2319,495,2935,595,599,3153,893,3413,3323,2320,2672,478,461,2554,2491
966.jpg$$$备美交夏日$$$备战炎炎夏日$$$211,1911,1342,3043,2402$$$211,3600,3250,3250,3043,2402
968.jpg$$$YOUNEEDATHINSILKUNDERWEARCOMFORTABLE$$$YOUNEEDATHINSILKUNDERWEARCOMFORTABLE$$$56,46,52,45,36,36,35,32,51,39,40,45,50,40,43,42,52,45,35,36,49,54,36,32,49,34,46,44,37,46,49,51,32,33,43,36$$$56,46,52,45,36,36,35,32,51,39,40,45,50,40,43,42,52,45,35,36,49,54,36,32,49,34,46,44,37,46,49,51,32,33,43,36
969.jpg$$$JUSTLIKEWEARINGTHESAME$$$JUSTLIKEWEARINGTHESAME$$$41,52,50,51,43,40,42,36,54,36,32,49,40,45,38,51,39,36,50,32,44,36$$$41,52,50,51,43,40,42,36,54,36,32,49,40,45,38,51,39,36,50,32,44,36
972.jpg$$$Http://shop68980021.taobao.com$$$Http://shop68980021.taobao.com$$$39,83,83,79,25,14,14,82,71,78,79,21,23,24,23,15,15,17,16,13,83,64,78,65,64,78,13,66,78,76$$$39,83,83,79,25,14,14,82,71,78,79,21,23,24,23,15,15,17,16,13,83,64,78,65,64,78,13,66,78,76
975.jpg$$$欢迎长沙及全国各地女性宾客,夫妻情侣宾客$$$欢迎长沙及全国各地女性宾客夫妻情侣宾客$$$1149,3396,379,2462,1237,2360,1029,932,619,2081,3153,273,1548,11,833,2223,2328,1819,273,1548$$$1149,3396,379,2462,1237,2360,1029,932,619,2081,3153,273,1548,833,2223,2328,1819,273,1548
980.jpg$$$LITTLEEGGSHELL$$$LITTLEEGGSHELL$$$43,40,51,51,43,36,36,38,38,50,39,36,43,43$$$43,40,51,51,43,36,36,38,38,50,39,36,43,43
981.jpg$$$QQ:1870163980欢迎进人$$$qq:1870163980欢迎进入$$$48,48,25,16,23,22,15,16,21,18,24,23,15,1149,3396,1403,2392$$$80,80,25,16,23,22,15,16,21,18,24,23,15,1149,3396,1403,2424
983.jpg$$$3-40元一单5-10分钟完成$$$3--40元一单5--10分钟完成$$$18,12,19,15,3487,3316,568,20,12,16,15,805,3716,2893,416$$$18,12,12,19,15,3487,3316,568,20,12,12,16,15,805,3716,2893,416
984.jpg$$$手机,电脑,平板能上网均可$$$手机电脑平板能上网均可$$$2591,1217,11,634,2025,11,2190,162,2033,2490,2907,1498,1544$$$2591,1217,634,2025,2190,162,2033,2490,2907,1498,1544
985.jpg$$$应聘,时间充足每月$$$应聘时间充足每月$$$3389,2185,11,2554,1289,443,3826,1910,3511$$$3389,2185,2554,1289,443,3826,1910,3511
987.jpg$$$适合宝妈生上班族,学生$$$适合宝妈生上班族学生$$$2579,1080,193,1857,2533,2490,157,3828,11,3202,2533$$$2579,1080,193,1857,2533,2490,157,3828,3202,2533
991.jpg$$$RhioCeros5.0$$$RhioCeros5.0$$$49,71,72,78,34,68,81,78,82,20,13,15$$$49,71,72,78,34,68,81,78,82,20,13,15
993.jpg$$$NURBSmodelingforwindows$$$NURBSmodelingforwindows$$$45,52,49,33,50,76,78,67,68,75,72,77,70,69,78,81,86,72,77,67,78,86,82$$$45,52,49,33,50,76,78,67,68,75,72,77,70,69,78,81,86,72,77,67,78,86,82
1012.jpg$$$支特测试!$$$支持测试!$$$3672,2781,347,2589,0$$$3672,429,347,2589,0
1021.jpg$$$机器发帖!露发千戴!$$$机器发帖!日发千贴!$$$1217,2248,753,2816,0,1807,753,2262,556,0$$$1217,2248,753,2816,0,2402,753,2262,2814,0
1022.jpg$$$看漪楚,我这是机器发的!$$$看清楚我这是机器发的!$$$1523,5060,469,11,2963,3637,2576,1217,2248,753,599,0$$$1523,2324,469,2963,3637,2576,1217,2248,753,599,0
1023.jpg$$$窦力证鹨一切!教作密!$$$实力证明一切!教作图!$$$6226,1697,3669,6154,3316,2303,0,1359,3846,1939,0$$$2558,1697,3669,1966,3316,2303,0,1359,3846,2847,0
1024.jpg$$$滋薇术!!学展圈入上千!$$$出技术!!学员日入上千!$$$3803,4429,2622,0,0,3202,3596,2355,2424,2490,2262,0$$$461,1249,2622,0,0,3202,3494,2402,2424,2490,2262,0
1025.jpg$$$搦q329665681$$$加qq929665601$$$4501,80,18,17,24,21,21,20,21,23,16$$$1272,80,80,24,17,24,21,21,20,21,15,16
1026.jpg$$$无眼流量来袭$$$无限流量来袭!$$$2975,3254,1778,1722,1617,3021$$$2975,3069,1778,1722,1617,3021,0
1027.jpg$$$包月只要5元$$$包月只要15元!$$$185,3511,3692,3299,20,3487$$$185,3511,3692,3299,16,20,3487,0
1028.jpg$$$艾持鹏试i$$$支持测试!!$$$105,429,2151,2589,72$$$3672,429,347,2589,0,0
1029.jpg$$$费要的加群$$$需要的加群$$$800,3299,599,1272,2375$$$3173,3299,599,1272,2375
1030.jpg$$$491586133$$$491506133$$$19,24,16,20,23,21,16,18,18$$$19,24,16,20,15,21,16,18,18
1031.jpg$$$看清楚,我这是机器发的!$$$看清楚我这是机器发的!$$$1523,2324,469,11,2963,3637,2576,1217,2248,753,599,0$$$1523,2324,469,2963,3637,2576,1217,2248,753,599,0
1036.jpg$$$机器发帖!日发千贴$$$机器发帖!日发千贴!$$$1217,2248,753,2816,0,2402,753,2262,2814$$$1217,2248,753,2816,0,2402,753,2262,2814,0
1037.jpg$$$看清楚,我这是机器发的!$$$看清楚我这是机器发的!$$$1523,2324,469,11,2963,3637,2576,1217,2248,753,599,0$$$1523,2324,469,2963,3637,2576,1217,2248,753,599,0
1041.jpg$$$发帖/顶贴/抢楼$$$发帖/顶帖/抢楼$$$753,2816,14,662,2814,14,2287,1790$$$753,2816,14,662,2816,14,2287,1790
1042.jpg$$$00/微信:379393569$$$QQ/微信:379393569$$$15,15,14,2915,3138,25,18,22,24,18,24,18,20,21,24$$$48,48,14,2915,3138,25,18,22,24,18,24,18,20,21,24
1047.jpg$$$Iushen01.com$$$lushen01.com$$$40,84,82,71,68,77,15,16,13,66,78,76$$$75,84,82,71,68,77,15,16,13,66,78,76
1050.jpg$$$助你成就金领人生,设计师梦想!$$$助你成就金领人生设计师梦想!$$$3755,2040,416,1454,1395,1767,2392,2533,11,2515,1259,2543,1925,3082,0$$$3755,2040,416,1454,1395,1767,2392,2533,2515,1259,2543,1925,3082,0
1051.jpg$$$讯捷教育$$$迅捷教育$$$3217,1376,1359,3476$$$3219,1376,1359,3476
1052.jpg$$$xUNJIEE$$$XUNJIEE$$$87,52,45,41,40,36,36$$$55,52,45,41,40,36,36
1053.jpg$$$DUCATION$$$DUCATION$$$35,52,34,32,51,40,46,45$$$35,52,34,32,51,40,46,45
1076.jpg$$$微信:easylearn1026$$$微信:easylearn1026$$$2915,3138,25,68,64,82,88,75,68,64,81,77,16,15,17,21$$$2915,3138,25,68,64,82,88,75,68,64,81,77,16,15,17,21
1083.jpg$$$由于客服不会给你截图lol,你可以加我qq好友,$$$由于客服不会给你截图lol你可以加我qq好友$$$3424,3441,1548,845,308,1192,933,2040,1371,2847,75,78,75,11,2040,1544,3341,1272,2963,80,80,1068,3432,11$$$3424,3441,1548,845,308,1192,933,2040,1371,2847,75,78,75,2040,1544,3341,1272,2963,80,80,1068,3432
1084.jpg$$$后再登陆穿越火线手游看游戏ID号,这样让客服$$$后再登陆穿越火线手游看游戏ID号这样让客服$$$1116,3534,602,1814,478,3506,1207,3070,2591,3429,1523,3429,3030,40,35,1070,11,3637,3284,2384,1548,845$$$1116,3534,602,1814,478,3506,1207,3070,2591,3429,1523,3429,3030,40,35,1070,3637,3284,2384,1548,845
1086.jpg$$$样,能防止被骗。$$$样能防止被骗。$$$3284,11,2033,783,3690,214,2174,6862$$$3284,2033,783,3690,214,2174,6862
1087.jpg$$$[诚信交易骗人.找回死全家。]$$$[诚信交易骗人找回死全家。]$$$58,422,3138,1342,3344,2174,2392,13,3621,1183,2663,2360,1271,6862,60$$$58,422,3138,1342,3344,2174,2392,3621,1183,2663,2360,1271,6862,60
1088.jpg$$$QQ不聊天不借号,验号加qq请注明,在你确定拍$$$QQ不聊天不借号验号加qq请注明在你确定拍$$$48,48,308,1727,2801,308,1387,1070,11,3268,1070,1272,80,80,2330,3761,1966,11,3535,2040,2372,665,2103$$$48,48,308,1727,2801,308,1387,1070,3268,1070,1272,80,80,2330,3761,1966,3535,2040,2372,665,2103
1089.jpg$$$下之前只提供游戏截图,满意拍下后,提供密码$$$下之前只提供游戏截图满意拍下后提供密码$$$3041,3679,2271,3692,2790,948,3429,3030,1371,2847,11,1875,3355,2103,3041,1116,11,2790,948,1939,1860$$$3041,3679,2271,3692,2790,948,3429,3030,1371,2847,1875,3355,2103,3041,1116,2790,948,1939,1860
1090.jpg$$$让你验号,与客服截图相互验证。$$$让你验号与客服截图相互验证。$$$2384,2040,3268,1070,11,3458,1548,845,1371,2847,3071,1132,3268,3669,6862$$$2384,2040,3268,1070,3458,1548,845,1371,2847,3071,1132,3268,3669,6862
1097.jpg$$$诚信.专业.秒到$$$诚信?专业?秒到$$$422,3138,13,3767,3310,13,1954,592$$$422,3138,30,3767,3310,30,1954,592
1105.jpg$$$+1,090.00$$$+1090.00$$$10,16,11,15,24,15,13,15,15$$$10,16,15,24,15,13,15,15
1118.jpg$$$oneleaf$$$Oneleaf$$$78,77,68,75,68,64,69$$$46,77,68,75,68,64,69
1123.jpg$$$超氏$$$超低$$$387,2584$$$387,608
1145.jpg$$$活好逗b$$$活好逗B$$$1205,1068,683,65$$$1205,1068,683,33
1153.jpg$$$兴霸$$$学霸$$$3144,145$$$3202,145
1163.jpg$$$甚至更多,有的还是多次的$$$甚至更多有的还是多次的$$$2528,3698,937,721,11,3431,599,1152,2576,721,515,599$$$2528,3698,937,721,3431,599,1152,2576,721,515,599
1164.jpg$$$不需培训,群里有单立马就能做$$$不需培训群里有单立马就能做$$$308,3173,2131,3216,11,2375,1676,3431,568,1693,1862,1454,2033,3845$$$308,3173,2131,3216,2375,1676,3431,568,1693,1862,1454,2033,3845
1168.jpg$$$美甲,减肥,化妆品,首$$$美甲减肥化妆品首$$$1911,1276,11,1306,793,11,1142,3776,2184,11,2592$$$1911,1276,1306,793,1142,3776,2184,2592
1173.jpg$$$新农合定点手机:158567501208953120$$$新农合定点手机:15867501208953120$$$3135,2076,1080,665,630,2591,1217,25,16,20,23,20,21,22,20,15,16,17,15,23,24,20,18,16,17,15$$$3135,2076,1080,665,630,2591,1217,25,16,20,23,21,22,20,15,16,17,15,23,24,20,18,16,17,15
1174.jpg$$$法酵母$$$活酵母$$$759,1360,1997$$$1205,1360,1997
1175.jpg$$$T3T招代理$$$TSI招代理$$$51,18,51,3619,559,1674$$$51,50,40,3619,559,1674
1190.jpg$$$微博:武林萌主34824$$$微博:武林盟34824$$$2915,290,25,2981,1745,1919,3752,18,19,23,17,19$$$2915,290,25,2981,1745,1922,18,19,23,17,19
1192.jpg$$$小咖秀:27157489$$$小咖秀:271574891$$$3102,1510,3168,25,17,22,16,20,22,19,23,24$$$3102,1510,3168,25,17,22,16,20,22,19,23,24,16
1193.jpg$$$金民k歌:宛夏$$$全名k歌:宛夏$$$1395,1960,74,917,25,2899,3043$$$2360,1970,74,917,25,2899,3043
1196.jpg$$$eQ:319989427$$$QQ:319989427$$$68,48,25,18,16,24,24,23,24,19,17,22$$$48,48,25,18,16,24,24,23,24,19,17,22
1205.jpg$$$卓案蚌理$$$专业办理$$$3790,117,179,1674$$$3767,3310,169,1674
1215.jpg$$$wwW.miui.com$$$www.miui.com$$$86,86,54,13,76,72,84,72,13,66,78,76$$$86,86,86,13,76,72,84,72,13,66,78,76
1225.jpg$$$看啪啪+微pingtai6789$$$看啪啪+微pingtai6789$$$1523,2097,2097,10,2915,79,72,77,70,83,64,72,21,22,23,24$$$1523,2097,2097,10,2915,79,72,77,70,83,64,72,21,22,23,24
1239.jpg$$$寡人服务$$$真人服务$$$988,2392,845,2994$$$3641,2392,845,2994
1244.jpg$$$我们做不到......微信zpkk55$$$我们做不到......微信zpkk009$$$2963,1918,3845,308,592,13,13,13,13,13,13,2915,3138,89,79,74,74,20,20$$$2963,1918,3845,308,592,13,13,13,13,13,13,2915,3138,89,79,74,74,15,15,24
1246.jpg$$$XIANPEARLDENTAL$$$XIANPEARLDENTAL$$$55,40,32,45,47,36,32,49,43,35,36,45,51,32,43$$$55,40,32,45,47,36,32,49,43,35,36,45,51,32,43
1249.jpg$$$D腔洗牙护理$$$口腔洗牙护理$$$35,2282,3027,3227,1131,1674$$$1561,2282,3027,3227,1131,1674
1268.jpg$$$美国BEYOND$$$美国BEYOND$$$1911,1029,33,36,56,46,45,35$$$1911,1029,33,36,56,46,45,35
1272.jpg$$$MIUI$$$MU$$$44,40,52,40$$$44,52
1274.jpg$$$我圭通化专!场$$$我在通化专场$$$2963,1010,2827,1142,3767,0,376$$$2963,3535,2827,1142,3767,376
1278.jpg$$$智能安全:只破坏毛囊乳头,不损伤皮肤和汗腺。$$$只能安全:只破坏毛囊乳头不损伤皮肤和汗腺。$$$3704,2033,111,2360,25,3692,2199,1148,1890,2023,2422,2842,11,308,2711,2486,2165,835,1078,1058,3064,6862$$$3692,2033,111,2360,25,3692,2199,1148,1890,2023,2422,2842,308,2711,2486,2165,835,1078,1058,3064,6862
1279.jpg$$$方便美观:全程只要30分钟,不结痂,不影响工作生活。$$$方便美观:全程只要30分钟不结痂不影响工作生活。$$$780,254,1911,998,25,2360,419,3692,3299,18,15,805,3716,11,308,1380,6176,11,308,3399,3083,943,3846,2533,1205,6862$$$780,254,1911,998,25,2360,419,3692,3299,18,15,805,3716,308,1380,6176,308,3399,3083,943,3846,2533,1205,6862
1280.jpg$$$轻松无痛:治疗和冷却同步进行,让脱毛象暖石按摩一样舒适。$$$轻松无痛:治疗和冷却同步进行让脱毛象暖石按摩一样舒适。$$$2320,2672,2975,2839,25,3711,1729,1078,1665,2369,2831,310,1403,3149,11,2384,2868,1890,3090,2082,2552,113,1979,3316,3284,2607,2579,6862$$$2320,2672,2975,2839,25,3711,1729,1078,1665,2369,2831,310,1403,3149,2384,2868,1890,3090,2082,2552,113,1979,3316,3284,2607,2579,6862
1281.jpg$$$效果持久:彻底摆脱毛茸茸的尴尬,从此皮肤细滑如丝。$$$效果持久:彻底摆脱毛茸茸的尴尬从此皮肤细滑如丝。$$$3108,1030,429,1444,25,400,618,151,2868,1890,2404,2404,599,4459,4458,11,520,512,2165,835,3031,1139,2420,2662,6862$$$3108,1030,429,1444,25,400,618,151,2868,1890,2404,2404,599,4459,4458,520,512,2165,835,3031,1139,2420,2662,6862
1289.jpg$$$www.nipic.com$$$www.nipic.3com$$$86,86,86,13,77,72,79,72,66,13,66,78,76$$$86,86,86,13,77,72,79,72,66,13,18,66,78,76
1291.jpg$$$老国$$$美国$$$1644,1029$$$1911,1029
1293.jpg$$$USAICOME$$$USAICOME$$$52,50,32,40,34,46,44,36$$$52,50,32,40,34,46,44,36
1300.jpg$$$高出签率品质保障$$$高出签证率品质保障$$$908,461,2264,1827,2184,3707,190,3618$$$908,461,2264,3669,1827,2184,3707,190,3618
1311.jpg$$$sm69式,水晶之恋及全$$$sm69式水晶之恋及全$$$82,76,21,24,2566,11,2645,1416,3679,1712,1237,2360$$$82,76,21,24,2566,2645,1416,3679,1712,1237,2360
1314.jpg$$$招兼职$$$找兼职$$$3619,1291,3681$$$3621,1291,3681
1315.jpg$$$qV心:645392923$$$q/V心:645392923$$$80,53,3137,25,21,19,20,18,24,17,24,17,18$$$80,14,53,3137,25,21,19,20,18,24,17,24,17,18
1324.jpg$$$微信号:sulen365$$$冷微号:sullen365$$$2915,3138,1070,25,82,84,75,68,77,18,21,20$$$1665,2915,1070,25,82,84,75,75,68,77,18,21,20
1337.jpg$$$豆豆店铺VX15378948675$$$豆豆店铺15378948675$$$682,682,637,2205,53,55,16,20,18,22,23,24,19,23,21,22,20$$$682,682,637,2205,16,20,18,22,23,24,19,23,21,22,20
1342.jpg$$$HSBLP$$$HSBLI$$$39,50,33,43,47$$$39,50,33,43,40
1353.jpg$$$真人1对1服音$$$真人一对一服务$$$3641,2392,16,709,16,845,3373$$$3641,2392,3316,709,3316,845,2994
1358.jpg$$$你告诉我,我加你$$$你告诉我我加你$$$2040,915,2694,2963,11,2963,1272,2040$$$2040,915,2694,2963,2963,1272,2040
1372.jpg$$$全,激情,裸秀包爽服$$$全激情裸秀包爽服$$$2360,11,1225,2328,11,1852,3168,185,2643,845$$$2360,1225,2328,1852,3168,185,2643,845
1376.jpg$$$瓷妆达人.Mrs韩$$$瓷状达人.Mrs韩$$$510,3776,548,2392,13,44,81,82,1044$$$510,3779,548,2392,13,44,81,82,1044
1377.jpg$$$CZ群.389066631$$$cz群.389066631$$$34,57,2375,13,18,23,24,15,21,21,21,18,16$$$66,89,2375,13,18,23,24,15,21,21,21,18,16
1383.jpg$$$AIHUIVISION$$$AIHUIVISION$$$32,40,39,52,40,53,40,50,40,46,45$$$32,40,39,52,40,53,40,50,40,46,45
1384.jpg$$$PHOTOBYKINGQQ:897641210$$$PHOTOBYKINGQQ:897641210$$$47,39,46,51,46,33,56,42,40,45,38,48,48,25,23,24,22,21,19,16,17,16,15$$$47,39,46,51,46,33,56,42,40,45,38,48,48,25,23,24,22,21,19,16,17,16,15
1393.jpg$$$包你满意出大水刺激噢~!$$$包你满意出水刺激噢~!$$$185,2040,1875,3355,461,552,2645,513,1225,4662,93,0$$$185,2040,1875,3355,461,2645,513,1225,4662,93,0
1400.jpg$$$0.3k/s$$$0.3K/s$$$15,13,18,74,14,82$$$15,13,18,42,14,82
1404.jpg$$$聊立毛$$$聊五毛$$$1727,1693,1890$$$1727,2982,1890
1407.jpg$$$关3我给你发知直怎么$$$关了我给你发知道怎么$$$995,18,2963,933,2040,753,3675,3682,3562,1899$$$995,1734,2963,933,2040,753,3675,595,3562,1899
1413.jpg$$$d5$$$25$$$67,20$$$17,20
1417.jpg$$$集丰直播.云播.影视V$$$集合直播.云播.影视V$$$1236,816,3682,286,13,3515,286,13,3399,2588,53$$$1236,1080,3682,286,13,3515,286,13,3399,2588,53
1419.jpg$$$微:zzz159357qwe$$$微:zzz159357qwe$$$2915,25,89,89,89,16,20,24,18,20,22,80,86,68$$$2915,25,89,89,89,16,20,24,18,20,22,80,86,68
1425.jpg$$$大秀苹台$$$大秀萍台$$$552,3168,2188,2733$$$552,3168,2189,2733
1438.jpg$$$e~Cup$$$e~cup$$$68,93,34,84,79$$$68,93,66,84,79
1458.jpg$$$任务完成后请及时领取,每日00:00点重置$$$完成任务后请及时领取每日00:00点重置$$$2395,2994,2893,416,1116,2330,1237,2554,1767,2350,11,1910,2402,15,15,25,15,15,630,3721,3700$$$2893,416,2395,2994,1116,2330,1237,2554,1767,2350,1910,2402,15,15,25,15,15,630,3721,3700
1463.jpg$$$当前已领钻石:$$$当前已领钻石$$$580,2271,3338,1767,3833,2552,25$$$580,2271,3338,1767,3833,2552
1466.jpg$$$莹妆招代埋理V:scm1314520-7788$$$莹妆招代理V:Scm1314520_7788$$$3391,3776,3619,559,1866,1674,53,25,82,66,76,16,18,16,19,20,17,15,12,22,22,23,23$$$3391,3776,3619,559,1674,53,25,50,66,76,16,18,16,19,20,17,15,62,22,22,23,23
1469.jpg$$$SPORTSQQ.COm$$$sports.oo.com$$$50,47,46,49,51,50,48,48,13,34,46,76$$$82,79,78,81,83,82,13,78,78,13,66,78,76
1471.jpg$$$200-1500满贯$$$200-1500大满贯$$$17,15,15,12,16,20,15,15,1875,1004$$$17,15,15,12,16,20,15,15,552,1875,1004
1472.jpg$$$孙杨全国|丝后回$$$孙杨全国丝后援团$$$2710,3273,2360,1029,91,2662,1116,1183$$$2710,3273,2360,1029,2662,1116,3491,2856
1474.jpg$$$Chinanews.com$$$Chinanews.com$$$34,71,72,77,64,77,68,86,82,13,66,78,76$$$34,71,72,77,64,77,68,86,82,13,66,78,76
1475.jpg$$$REALMADRIDONBEST-EVERSCORING$$$REALMADRIDONBEST-EVERSCORING$$$49,36,32,43,44,32,35,49,40,35,46,45,33,36,50,51,12,36,53,36,49,50,34,46,49,40,45,38$$$49,36,32,43,44,32,35,49,40,35,46,45,33,36,50,51,12,36,53,36,49,50,34,46,49,40,45,38
1476.jpg$$$RUNFORTEAMINTOP-FIVEEUROPEAN$$$RUNFORTEAMINTOP-FIVEEUROPEAN$$$49,52,45,37,46,49,51,36,32,44,40,45,51,46,47,12,37,40,53,36,36,52,49,46,47,36,32,45$$$49,52,45,37,46,49,51,36,32,44,40,45,51,46,47,12,37,40,53,36,36,52,49,46,47,36,32,45
1477.jpg$$$LEAGUES$$$LEAGUES$$$43,36,32,38,52,36,50$$$43,36,32,38,52,36,50
1480.jpg$$$0COMMENTS$$$0COMMENTS$$$15,34,46,44,44,36,45,51,50$$$15,34,46,44,44,36,45,51,50
1481.jpg$$$Gettvlm..$$$GettvIm...$$$38,68,83,83,85,75,76,13,13$$$38,68,83,83,85,40,76,13,13,13
1494.jpg$$$ChinaMobile$$$ChinaMobile$$$34,71,72,77,64,44,78,65,72,75,68$$$34,71,72,77,64,44,78,65,72,75,68
1499.jpg$$$我:0710-4259788$$$:0710-4259788$$$2963,25,15,22,16,15,12,19,17,20,24,22,23,23$$$25,15,22,16,15,12,19,17,20,24,22,23,23
1507.jpg$$$8888888$$$88888888$$$23,23,23,23,23,23,23$$$23,23,23,23,23,23,23,23
1509.jpg$$$换锁芯$$$换锁心=芯$$$1154,2719,3131$$$1154,2719,3137,28,3131
1510.jpg$$$帮国四国五的车省钱,欢$$$帮国四国五的车省钱欢$$$172,1029,2667,1029,2982,599,396,2538,2269,11,1149$$$172,1029,2667,1029,2982,599,396,2538,2269,1149
1518.jpg$$$TheLeiMei$$$TheLeiMei$$$51,71,68,43,68,72,44,68,72$$$51,71,68,43,68,72,44,68,72
1519.jpg$$$蕾美广告$$$雷美广告$$$1654,1911,1006,915$$$1652,1911,1006,915
1523.jpg$$$dlxadsl(18751512114)$$$dlxadsl(18751512114)$$$67,75,87,64,67,82,75,7,16,23,22,20,16,20,16,17,16,16,19,8$$$67,75,87,64,67,82,75,7,16,23,22,20,16,20,16,17,16,16,19,8
1524.jpg$$$门取样,量尺寸制作$$$门取样量尺寸制作$$$1916,2350,3284,11,1722,438,540,3703,3846$$$1916,2350,3284,1722,438,540,3703,3846
1530.jpg$$$向家电海洋$$$尚家电海洋$$$3089,1271,634,1036,3278$$$2491,1271,634,1036,3278
1531.jpg$$$快乐电我$$$快乐由我引$$$1579,1651,634,2963$$$1579,1651,3424,2963,3382
1532.jpg$$$健身教练:董托$$$健身胶料:董托$$$1316,2520,1359,1714,25,670,2867$$$1316,2520,1341,1738,25,670,2867
1554.jpg$$$连流量不够用而烦恼吗?欢迎使月$$$连流量不够用而烦恼吗?欢迎使用$$$1703,1778,1722,308,966,3418,745,770,2026,1865,30,1149,3396,2562,3511$$$1703,1778,1722,308,966,3418,745,770,2026,1865,30,1149,3396,2562,3418
1555.jpg$$$申云流量,告别蹭网无网的烦恼!$$$神云流量,告别蹭网无网的烦恼!$$$2517,3515,1778,1722,11,915,267,349,2907,2975,2907,599,770,2026,0$$$2524,3515,1778,1722,11,915,267,349,2907,2975,2907,599,770,2026,0
1556.jpg$$$申云免费上网原理:使用神云流$$$神云免费上网原理:使用神云流$$$2517,3515,1945,800,2490,2907,3490,1674,25,2562,3418,2524,3515,1778$$$2524,3515,1945,800,2490,2907,3490,1674,25,2562,3418,2524,3515,1778
1557.jpg$$$全,在手机上网时把你的数据流,$$$量,在手机上网时把你的数据流,$$$2360,11,3535,2591,1217,2490,2907,2554,142,2040,599,2630,1470,1778,11$$$1722,11,3535,2591,1217,2490,2907,2554,142,2040,599,2630,1470,1778,11
1558.jpg$$$恒过另一种方式发送给运营商,过$$$通过另一种方式发送给运营商,这$$$1100,1032,1768,3316,3719,780,2566,753,2676,933,3520,3393,2487,11,1032$$$2827,1032,1768,3316,3719,780,2566,753,2676,933,3520,3393,2487,11,3637
1559.jpg$$$羊子运营商不记费的,所以就扣不$$$样子运营商不记费的,所以就扣不$$$3277,3810,3520,3393,2487,308,1260,800,599,11,2720,3341,1454,1562,308$$$3284,3810,3520,3393,2487,308,1260,800,599,11,2720,3341,1454,1562,308
1562.jpg$$$微信:dj123jjcom$$$微信:dj123jjcom$$$2915,3138,25,67,73,16,17,18,73,73,66,78,76$$$2915,3138,25,67,73,16,17,18,73,73,66,78,76
1567.jpg$$$任性付京东白条$$$任性付东京白条$$$2395,3153,867,1418,668,148,2810$$$2395,3153,867,668,1418,148,2810
1568.jpg$$$足彩篮球$$$足球篮球$$$3826,323,1623,2337$$$3826,2337,1623,2337
1578.jpg$$$www.mi.c0m$$$WWW.MIUI.COM$$$86,86,86,13,76,72,13,66,15,76$$$54,54,54,13,44,40,52,40,13,34,46,44
1585.jpg$$$www.miui.com$$$WWW.MIUI.COM$$$86,86,86,13,76,72,84,72,13,66,78,76$$$54,54,54,13,44,40,52,40,13,34,46,44
1586.jpg$$$微信:YY461688$$$微信;YY46188$$$2915,3138,25,56,56,19,21,16,21,23,23$$$2915,3138,26,56,56,19,21,16,23,23
1588.jpg$$$wwW.MIuI.COM$$$WWW.MIUI.COM$$$86,86,54,13,44,40,84,40,13,34,46,44$$$54,54,54,13,44,40,52,40,13,34,46,44
1593.jpg$$$www.m8m6.cc$$$www.m8m6.cc$$$86,86,86,13,76,23,76,21,13,66,66$$$86,86,86,13,76,23,76,21,13,66,66
1598.jpg$$$WWW.MIui.cOm$$$WWW.MIUI.COM$$$54,54,54,13,44,40,84,72,13,66,46,76$$$54,54,54,13,44,40,52,40,13,34,46,44
1605.jpg$$$www.MIuI.COm$$$WWW.MIUI.COM$$$86,86,86,13,44,40,84,40,13,34,46,76$$$54,54,54,13,44,40,52,40,13,34,46,44
1613.jpg$$$azcl.comm.cn$$$azcl.com.cn$$$64,89,66,75,13,66,78,76,76,13,66,77$$$64,89,66,75,13,66,78,76,13,66,77
1614.jpg$$$NHavpm$$$xllaypm$$$45,39,64,85,79,76$$$87,75,75,64,88,79,76
1625.jpg$$$足球,篮球$$$足球篮球$$$3826,2337,11,1623,2337$$$3826,2337,1623,2337
1632.jpg$$$山上中华蜂所产百花蜜。云堇山上$$$山上中华蜂所产百花蜜。云垄山上$$$2472,2490,3713,1137,819,2720,371,150,1135,1938,6862,3515,4350,2472,2490$$$2472,2490,3713,1137,819,2720,371,150,1135,1938,6862,3515,1787,2472,2490
1633.jpg$$$山花烂漫,泉水叮咚,绿树成荫$$$山花烂漫泉水叮咚绿树成荫$$$2472,1135,1632,1879,11,2359,2645,660,4549,11,1829,2624,416,3370$$$2472,1135,1632,1879,2359,2645,660,4549,1829,2624,416,3370
1634.jpg$$$空气清新$$$空气清新。$$$1556,2249,2324,3135$$$1556,2249,2324,3135,6862
1635.jpg$$$云垄蜂蜜,无污染无添加,真正$$$云垄蜂蜜无污染无添加真正$$$3515,1787,819,1938,11,2975,2972,2379,2975,2802,1272,11,3641,3664$$$3515,1787,819,1938,2975,2972,2379,2975,2802,1272,3641,3664
1636.jpg$$$环保,真正天然养生佳品$$$环保真正天然养佳品$$$1150,190,11,3641,3664,2801,2376,3283,2533,1270,2184$$$1150,190,3641,3664,2801,2376,3283,1270,2184
1637.jpg$$$EXPRESS$$$EXPRESS$$$36,55,47,49,36,50,50$$$36,55,47,49,36,50,50
1647.jpg$$$含人体17种氨基酸,营养$$$含人体17种氨基酸营养$$$1045,2392,2794,16,22,3719,110,1216,2696,11,3393,3283$$$1045,2392,2794,16,22,3719,110,1216,2696,3393,3283
1649.jpg$$$果园电话刘先生15873886$$$果园电话刘先生19873386$$$1030,3493,634,1143,1776,3047,2533,16,20,23,22,18,23,23,21$$$1030,3493,634,1143,1776,3047,2533,16,24,23,22,18,18,23,21
1658.jpg$$$优质的服务.返空的价格$$$优质的服务返空的价格$$$3420,3707,599,845,2994,13,772,1556,599,1280,926$$$3420,3707,599,845,2994,772,1556,599,1280,926
1665.jpg$$$关系电话:18233933922$$$联系电话:18233933922$$$995,3028,634,1143,25,16,23,17,18,18,24,18,18,24,17,17$$$1701,3028,634,1143,25,16,23,17,18,18,24,18,18,24,17,17
1666.jpg$$$电话:18233933922$$$联系电话:18233933922$$$634,1143,25,16,23,17,18,18,24,18,18,24,17,17$$$1701,3028,634,1143,25,16,23,17,18,18,24,18,18,24,17,17
1672.jpg$$$03196150789$$$03186150789$$$15,18,16,24,21,16,20,15,22,23,24$$$15,18,16,23,21,16,20,15,22,23,24
1674.jpg$$$15558371888$$$15558671888$$$16,20,20,20,23,18,22,16,23,23,23$$$16,20,20,20,23,21,22,16,23,23,23
1676.jpg$$$供应秋月梨$$$供应秋水梨$$$948,3389,2334,3511,1667$$$948,3389,2334,2645,1667
1691.jpg$$$你若信我,寥寥数语便可成交$$$你若信我寥寥数语便可成交$$$2040,2433,3138,2963,11,1731,1731,2630,3462,254,1544,416,1342$$$2040,2433,3138,2963,1731,1731,2630,3462,254,1544,416,1342
1699.jpg$$$张辉15228890492$$$张辉1528890492$$$3608,1179,16,20,17,17,23,23,24,15,19,24,17$$$3608,1179,16,20,17,23,23,24,15,19,24,17
1703.jpg$$$农行:6228480468727451774张辉$$$农行:622480468727451774张辉$$$2076,3149,25,21,17,17,23,19,23,15,19,21,23,22,17,22,19,20,16,22,22,19,3608,1179$$$2076,3149,25,21,17,17,19,23,15,19,21,23,22,17,22,19,20,16,22,22,19,3608,1179
1709.jpg$$$(为老板配车,为司机找货)$$$(为老板配车为司机找货)$$$7,2923,1644,162,2135,396,11,2923,2661,1217,3621,1212,8$$$7,2923,1644,162,2135,396,2923,2661,1217,3621,1212,8
1712.jpg$$$0516-88870036$$$0561-88870036$$$15,20,16,21,12,23,23,23,22,15,15,18,21$$$15,20,21,16,12,23,23,23,22,15,15,18,21
1730.jpg$$$净重:(20+0.2)kg$$$净重(20+0.2)kg$$$1436,3721,25,7,17,15,10,15,13,17,8,74,70$$$1436,3721,7,17,15,10,15,13,17,8,74,70
1745.jpg$$$地址:河南省扶沟县吕潭乡尚村岗$$$地址:河南省扶沟县吕潭乡尚存岗$$$619,3688,25,1084,2020,2538,837,960,3063,1817,2747,3078,2491,538,903$$$619,3688,25,1084,2020,2538,837,960,3063,1817,2747,3078,2491,539,903
1759.jpg$$$www.mi.com$$$WWW.MIUI.COM$$$86,86,86,13,76,72,13,66,78,76$$$54,54,54,13,44,40,52,40,13,34,46,44
1765.jpg$$$们平台付钱,不用你垫付$$$们平台付钱不用你垫付$$$1918,2190,2733,867,2269,11,308,3418,2040,633,867$$$1918,2190,2733,867,2269,308,3418,2040,633,867
1767.jpg$$$就行,会网购都以做的!$$$就行会网购都可以做的!$$$1454,3149,11,1192,2907,965,685,3341,3845,599,0$$$1454,3149,1192,2907,965,685,1544,3341,3845,599,0
1771.jpg$$$百,时间自由,手机就可以做。一单一$$$百时间自由手机就可以做。一单一$$$150,11,2554,1289,3811,3424,11,2591,1217,1454,1544,3341,3845,6862,3316,568,3316$$$150,2554,1289,3811,3424,2591,1217,1454,1544,3341,3845,6862,3316,568,3316
1772.jpg$$$结。适合:学生党上班族,宝妈。V$$$结。适合:学生党上班族宝妈。V$$$1380,6862,2579,1080,25,3202,2533,582,2490,157,3828,11,193,1857,6862,53$$$1380,6862,2579,1080,25,3202,2533,582,2490,157,3828,193,1857,6862,53
1774.jpg$$$www.miui.com$$$WWW.MIUI.COM$$$86,86,86,13,76,72,84,72,13,66,78,76$$$54,54,54,13,44,40,52,40,13,34,46,44
1779.jpg$$$wWW.MIui.COM$$$WWW.MIUI.COM$$$86,54,54,13,44,40,84,72,13,34,46,44$$$54,54,54,13,44,40,52,40,13,34,46,44
1780.jpg$$$奇妙夏日$$$奇迹夏日$$$2231,1957,3043,2402$$$2231,1224,3043,2402
1782.jpg$$$Disney$$$Disney$$$35,72,82,77,68,88$$$35,72,82,77,68,88
1783.jpg$$$上海迪士尼度假区$$$上海迪士尼度假村$$$2490,1036,610,2568,2038,697,1278,2343$$$2490,1036,610,2568,2038,697,1278,538
1786.jpg$$$MIUI87.7.28|内测版|1.4G$$$MIUI87.7.8|内测版|1.4G$$$44,40,52,40,23,22,13,22,13,17,23,91,2031,347,163,91,16,13,19,38$$$44,40,52,40,23,22,13,22,13,23,91,2031,347,163,91,16,13,19,38
1793.jpg$$$代付或红包支付,我们平台付$$$代付或红包支付我们平台付$$$559,867,1209,1109,185,3672,867,11,2963,1918,2190,2733,867$$$559,867,1209,1109,185,3672,867,2963,1918,2190,2733,867
1794.jpg$$$钱,不用你垫付一分你只管收$$$钱不用你垫付一分你只管收$$$2269,11,308,3418,2040,633,867,3316,805,2040,3692,999,2590$$$2269,308,3418,2040,633,867,3316,805,2040,3692,999,2590
1796.jpg$$$以做!$$$以做的!$$$3341,3845,0$$$3341,3845,599,0
1807.jpg$$$工资:每单3-20元不等5-10$$$工作;每单3-20元不等5-10$$$943,3801,25,1910,568,18,12,17,15,3487,308,603,20,12,16,15$$$943,3846,26,1910,568,18,12,17,15,3487,308,603,20,12,16,15
1811.jpg$$$V:18.6594.78940$$$v:18.6594.78940$$$53,25,16,23,13,21,20,24,19,13,22,23,24,19,15$$$85,25,16,23,13,21,20,24,19,13,22,23,24,19,15
1813.jpg$$$不满意可调.可退$$$不满意.可调.可退$$$308,1875,3355,1544,650,13,1544,2862$$$308,1875,3355,13,1544,650,13,1544,2862
1815.jpg$$$100%原厂公.司级质!量$$$100%原.厂公.司级质|量$$$16,15,15,4,3490,382,950,13,2661,1243,3707,0,1722$$$16,15,15,4,3490,13,382,950,13,2661,1243,3707,91,1722
1816.jpg$$$(纯数字去)$$$(纯数字去.)$$$7,500,2630,3813,2354,8$$$7,500,2630,3813,2354,13,8
1817.jpg$$$www.miui.com$$$WWW.MIUI.COM$$$86,86,86,13,76,72,84,72,13,66,78,76$$$54,54,54,13,44,40,52,40,13,34,46,44
1821.jpg$$$我们有打字任务群,自己来选择操$$$我们有打字任务群自己来选择操$$$2963,1918,3431,551,3813,2395,2994,2375,11,3811,1247,1617,3196,3558,338$$$2963,1918,3431,551,3813,2395,2994,2375,3811,1247,1617,3196,3558,338
1822.jpg$$$作就好了,打字主要是打一些不可$$$作就好了打字主要是打一些不可$$$3846,1454,1068,1734,11,551,3813,3752,3299,2576,551,3316,3110,308,1544$$$3846,1454,1068,1734,551,3813,3752,3299,2576,551,3316,3110,308,1544
1824.jpg$$$号,商务文稿,录音文字$$$号商务文稿录音文字$$$1070,11,2487,2994,2949,914,11,1813,3373,2949,3813$$$1070,2487,2994,2949,914,1813,3373,2949,3813
1832.jpg$$$www.Miui.com$$$WWW.MIUI.COM$$$86,86,86,13,44,72,84,72,13,66,78,76$$$54,54,54,13,44,40,52,40,13,34,46,44
1835.jpg$$$[货源渠道]:厂长是我表哥.前。日$$$[货源渠道]:厂长是我表哥莆。田$$$58,1212,3497,2349,595,60,25,382,379,2576,2963,264,916,13,2271,6862,2402$$$58,1212,3497,2349,595,60,25,382,379,2576,2963,264,916,2207,6862,2804
1836.jpg$$$缘瑞货源.$$$终端货源$$$3498,2429,1212,3497,13$$$3718,700,1212,3497
1837.jpg$$$[鞋子庸量]:几率过虎外.毒。$$$[鞋子质量]:几率过虎扑.毒。$$$58,3113,3810,3408,1722,60,25,1245,1827,1032,1129,2885,13,687,6862$$$58,3113,3810,3707,1722,60,25,1245,1827,1032,1129,2204,13,687,6862
1838.jpg$$$[销售半道]:专注外单,出国镀会成$$$[销售渠道]:专注外单出国镀金成$$$58,3097,2596,168,595,60,25,3767,3761,2885,568,11,461,1029,695,1192,416$$$58,3097,2596,2349,595,60,25,3767,3761,2885,568,461,1029,695,1395,416
1839.jpg$$$代购,转卖国问。$$$代购转卖国内。$$$559,965,11,3769,1869,1029,2955,6862$$$559,965,3769,1869,1029,2031,6862
1840.jpg$$$[交易方试]:可全链接,支持起换。$$$[交易方式]:可走链接支持退换。$$$58,1342,3344,780,2589,60,25,1544,2360,1711,1366,11,3672,429,2241,1154,6862$$$58,1342,3344,780,2566,60,25,1544,3822,1711,1366,3672,429,2862,1154,6862
1841.jpg$$$xinJ:625108803$$$[xin]:625108803$$$87,72,77,41,25,21,17,20,16,15,23,23,15,18$$$58,87,72,77,60,25,21,17,20,16,15,23,23,15,18
1845.jpg$$$不限制做单数量。多劳多得$$$不限制做单数量.多劳多得$$$308,3069,3703,3845,568,2630,1722,6862,721,1642,721,598$$$308,3069,3703,3845,568,2630,1722,13,721,1642,721,598
1846.jpg$$$工资当天结算.概不拖欠$$$工资当天结算.操作简单$$$943,3801,580,2801,1380,2698,13,882,308,2866,2278$$$943,3801,580,2801,1380,2698,13,338,3846,1303,568
1852.jpg$$$Metu$$$Meitu$$$44,68,83,84$$$44,68,72,83,84
1853.jpg$$$LovingYou$$$LovingYou$$$43,78,85,72,77,70,56,78,84$$$43,78,85,72,77,70,56,78,84
1857.jpg$$$ThemoreexcelientEnglishtrainingexperts$$$ThemoreexcellentEnglishtrainingexperts$$$51,71,68,76,78,81,68,68,87,66,68,75,72,68,77,83,36,77,70,75,72,82,71,83,81,64,72,77,72,77,70,68,87,79,68,81,83,82$$$51,71,68,76,78,81,68,68,87,66,68,75,75,68,77,83,36,77,70,75,72,82,71,83,81,64,72,77,72,77,70,68,87,79,68,81,83,82
1860.jpg$$$WebneertalionalEnglish$$$WebInternationalEnglish$$$54,68,65,77,68,68,81,83,64,75,72,78,77,64,75,36,77,70,75,72,82,71$$$54,68,65,40,77,83,68,81,77,64,83,72,78,77,64,75,36,77,70,75,72,82,71
1861.jpg$$$Wb$$$Web$$$54,65$$$54,68,65
1867.jpg$$$美女好,月底我们有《映$$$$美女好月底我们有《映$$$$1911,2081,1068,11,3511,618,2963,1918,3431,6863,3402,3$$$1911,2081,1068,3511,618,2963,1918,3431,6863,3402,3
1868.jpg$$$源就和鱼泡泡一样的,只$$$源就和鱼泡泡一样的只$$$3497,1454,1078,3450,2128,2128,3316,3284,599,11,3692$$$3497,1454,1078,3450,2128,2128,3316,3284,599,3692
1869.jpg$$$需要到那边去挂单就好,有$$$需要到那边去挂单就好有$$$3173,3299,592,2012,250,2354,989,568,1454,1068,11,3431$$$3173,3299,592,2012,250,2354,989,568,1454,1068,3431
1878.jpg$$$楼梯.加层平台.钢混结构.不$$$楼梯.夹层平台.钢混结构.不$$$1790,2786,13,1272,348,2190,2733,13,899,1203,1380,964,13,308$$$1790,2786,13,1269,348,2190,2733,13,899,1203,1380,964,13,308
1879.jpg$$$铁纳.隔断.断桥.铁艺等窒的$$$锈钢.隔断.断桥.铁艺等室内$$$2815,2014,13,929,704,13,704,2292,13,2815,3342,603,3712,599$$$3167,899,13,929,704,13,704,2292,13,2815,3342,603,2587,2031
1886.jpg$$$SoNGJOONGKI$$$SONGJOONGKI$$$50,78,45,38,41,46,46,45,38,42,40$$$50,46,45,38,41,46,46,45,38,42,40
1887.jpg$$$ASIATOUR$$$ASIATOUR$$$32,50,40,32,51,46,52,49$$$32,50,40,32,51,46,52,49
1888.jpg$$$FANMEETINGNBEJING$$$FANMEETINGINBEIJING$$$37,32,45,44,36,36,51,40,45,38,45,33,36,41,40,45,38$$$37,32,45,44,36,36,51,40,45,38,40,45,33,36,40,41,40,45,38
1892.jpg$$$用WiFi万能钥匙抢见面会门票$$$用wifi万能钥匙抢见面会门票$$$3418,54,72,37,72,2901,2033,3508,430,2287,1312,1949,1192,1916,2178$$$3418,86,72,69,72,2901,2033,3508,430,2287,1312,1949,1192,1916,2178
1900.jpg$$$a.ruansky.com$$$a.ruansky.com$$$64,13,81,84,64,77,82,74,88,13,66,78,76$$$64,13,81,84,64,77,82,74,88,13,66,78,76
1902.jpg$$$1.原产地直供$$$1.3原产地直供$$$16,13,3490,371,619,3682,948$$$16,13,18,3490,371,619,3682,948
1903.jpg$$$江南古韵20万亩桑蚕庄园。$$$江南古韵20亩桑蚕庄园。$$$1328,2020,976,3524,17,15,2901,1995,2446,328,3774,3493,6862$$$1328,2020,976,3524,17,15,1995,2446,328,3774,3493,6862
1908.jpg$$$精选优质面料一触即暖。$$$精选优质面料已触即暖。$$$1420,3196,3420,3707,1949,1738,3316,474,1241,2082,6862$$$1420,3196,3420,3707,1949,1738,3338,474,1241,2082,6862
1910.jpg$$$E印刷$$$印刷$$$36,3384,2633$$$3384,2633
1914.jpg$$$Baiyin$$$Baiyin$$$33,64,72,88,72,77$$$33,64,72,88,72,77
1922.jpg$$$发零售诚招全国代理加盟一件代$$$法零售诚招全国代理加盟一件代$$$753,1758,2596,422,3619,2360,1029,559,1674,1272,1922,3316,1315,559$$$759,1758,2596,422,3619,2360,1029,559,1674,1272,1922,3316,1315,559
1952.jpg$$$yogurt$$$yogurt$$$88,78,70,84,81,83$$$88,78,70,84,81,83
1953.jpg$$$trozen$$$frozen$$$83,81,78,89,68,77$$$69,81,78,89,68,77
1959.jpg$$$POLICESTATION$$$POLICESTATION$$$47,46,43,40,34,36,50,51,32,51,40,46,45$$$47,46,43,40,34,36,50,51,32,51,40,46,45
1963.jpg$$$www.huangyea8.com$$$www.huangye88.com$$$86,86,86,13,71,84,64,77,70,88,68,64,23,13,66,78,76$$$86,86,86,13,71,84,64,77,70,88,68,23,23,13,66,78,76
1971.jpg$$$YANLUO$$$YANLUO$$$56,32,45,43,52,46$$$56,32,45,43,52,46
1978.jpg$$$平帕伦$$$雷帕伦$$$2190,2100,1840$$$1652,2100,1840
1981.jpg$$$动动手指,既能学到知识,也能赚佣金!$$$动动手指,既能学到知识,也能赚取佣金!$$$672,672,2591,3689,11,1261,2033,3202,592,3675,2559,11,3307,2033,3771,3405,1395,0$$$672,672,2591,3689,11,1261,2033,3202,592,3675,2559,11,3307,2033,3771,2350,3405,1395,0
1985.jpg$$$二维码有效期:将于2016-02-12失效$$$二维码有效期:将于2016-02-12$$$751,2925,1860,3431,3108,2219,25,1326,3441,17,15,16,21,12,15,17,12,16,17,2544,3108$$$751,2925,1860,3431,3108,2219,25,1326,3441,17,15,16,21,12,15,17,12,16,17
1988.jpg$$$HUBEIRADIOANDTELEVISIONINFORMATIONNETWORK$$$HUBEIRADIOANDTELEVISIONINFORMATIONNERWORK$$$39,52,33,36,40,49,32,35,40,46,32,45,35,51,36,43,36,53,40,50,40,46,45,40,45,37,46,49,44,32,51,40,46,45,45,36,51,54,46,49,42$$$39,52,33,36,40,49,32,35,40,46,32,45,35,51,36,43,36,53,40,50,40,46,45,40,45,37,46,49,44,32,51,40,46,45,45,36,49,54,46,49,42
1989.jpg$$$RN$$$HRTV$$$49,45$$$39,49,51,53
1992.jpg$$$身高70$$$身高:170$$$2520,908,22,15$$$2520,908,25,16,22,15
1993.jpg$$$胸围34A+$$$胸围:34A+$$$3157,2920,18,19,32,10$$$3157,2920,25,18,19,32,10
1996.jpg$$$长安评艾仕$$$长安谛艾仕$$$379,111,2193,105,2580$$$379,111,4084,105,2580
2002.jpg$$$NoClimbing$$$NoClimbing$$$45,78,34,75,72,76,65,72,77,70$$$45,78,34,75,72,76,65,72,77,70
2003.jpg$$$传统原味木糖醇$$$传统原味(木糖醇)$$$480,2838,3490,2935,2003,2764,497$$$480,2838,3490,2935,7,2003,2764,497,8
2015.jpg$$$MCDOnald's$$$McDonald's$$$44,34,35,46,77,64,75,67,6,82$$$44,66,35,78,77,64,75,67,6,82
2018.jpg$$$大众点样$$$大众点评$$$552,3723,630,3284$$$552,3723,630,2193
2019.jpg$$$Coogsotn$$$dianping.com$$$34,78,78,70,82,78,83,77$$$67,72,64,77,79,72,77,70,13,66,78,76
2025.jpg$$$E啡$$$咖啡$$$36,791$$$1510,791
2026.jpg$$$Rettycoffee$$$Rettycoffee$$$49,68,83,83,88,66,78,69,69,68,68$$$49,68,83,83,88,66,78,69,69,68,68
2027.jpg$$$Rettycoffee$$$Rettycoffee$$$49,68,83,83,88,66,78,69,69,68,68$$$49,68,83,83,88,66,78,69,69,68,68
2028.jpg$$$Rettycgffee$$$Rettycoffee$$$49,68,83,83,88,66,70,69,69,68,68$$$49,68,83,83,88,66,78,69,69,68,68
2031.jpg$$$加啡$$$咖啡$$$1272,791$$$1510,791
2032.jpg$$$AACME$$$咖啡$$$32,32,34,44,36$$$1510,791
2039.jpg$$$Reminder$$$Reminder$$$49,68,76,72,77,67,68,81$$$49,68,76,72,77,67,68,81
2040.jpg$$$Business$$$Business$$$33,84,82,72,77,68,82,82$$$33,84,82,72,77,68,82,82
2044.jpg$$$Reservationhotline.$$$Reservationhotline.$$$49,68,82,68,81,85,64,83,72,78,77,71,78,83,75,72,77,68,13$$$49,68,82,68,81,85,64,83,72,78,77,71,78,83,75,72,77,68,13
2053.jpg$$$墙,$$$墙.$$$2284,11$$$2284,13
2066.jpg$$$妈的,谁怕谁呀?$$$妈的谁怕谁呀?$$$1857,599,11,2644,2101,2644,3224,30$$$1857,599,2644,2101,2644,3224,30
2070.jpg$$$如馒头.稀饭$$$比如馒头.稀饭$$$2420,1873,2842,13,3008,776$$$227,2420,1873,2842,13,3008,776
2082.jpg$$$Personal$$$Personal$$$47,68,81,82,78,77,64,75$$$47,68,81,82,78,77,64,75
2086.jpg$$$Cosmetics$$$Cosmetics$$$34,78,82,76,68,83,72,66,82$$$34,78,82,76,68,83,72,66,82
2087.jpg$$$FashionBeauty$$$FashionBeauty$$$37,64,82,71,72,78,77,33,68,64,84,83,88$$$37,64,82,71,72,78,77,33,68,64,84,83,88
2088.jpg$$$HealthFood$$$HealthFood$$$39,68,64,75,83,71,37,78,78,67$$$39,68,64,75,83,71,37,78,78,67
2094.jpg$$$Vwo$$$Vivo$$$53,86,78$$$53,72,85,78
2097.jpg$$$地费无线网络已题着$$$免费无线网络已覆盖$$$619,800,2975,3070,2907,1856,3338,2791,3796$$$1945,800,2975,3070,2907,1856,3338,863,884
2098.jpg$$$Vvo$$$Vivo$$$53,85,78$$$53,72,85,78
2108.jpg$$$恭喜发财,大吉大利!$$$恭喜发财大吉大利$$$946,3025,753,319,11,552,1231,552,1688,0$$$946,3025,753,319,552,1231,552,1688
2110.jpg$$$已存入零钱,可直接提现$$$已存入零钱可直接体现$$$3338,539,2424,1758,2269,11,1544,3682,1366,2790,3061$$$3338,539,2424,1758,2269,1544,3682,1366,2794,3061
2126.jpg$$$社会美义核心价值观$$$社会主义核心价值观$$$2514,1192,1911,3358,1076,3137,1280,3686,998$$$2514,1192,3752,3358,1076,3137,1280,3686,998
2127.jpg$$$富残民主文明和谐$$$富强民主文明和谐$$$872,329,1960,3752,2949,1966,1078,3120$$$872,2286,1960,3752,2949,1966,1078,3120
2131.jpg$$$女具印章精品$$$文具印章精品$$$2081,1472,3384,3605,1420,2184$$$2949,1472,3384,3605,1420,2184
2132.jpg$$$WHRED$$$WHREO$$$54,39,49,36,35$$$54,39,49,36,46
2134.jpg$$$KaiwerBeerHouse$$$KaiweiBeerHouse$$$42,64,72,86,68,81,33,68,68,81,39,78,84,82,68$$$42,64,72,86,68,72,33,68,68,81,39,78,84,82,68
2140.jpg$$$原价68元/位)$$$(原价68元/位)$$$3490,1280,21,23,3487,14,2940,8$$$7,3490,1280,21,23,3487,14,2940,8
2142.jpg$$$Recyclable$$$Recyclable$$$49,68,66,88,66,75,64,65,75,68$$$49,68,66,88,66,75,64,65,75,68
2143.jpg$$$普萝蜜丝$$$普萝密丝$$$2214,1845,1938,2662$$$2214,1845,1939,2662
2144.jpg$$$的b袋$$$的口袋$$$599,65,561$$$599,1561,561
2146.jpg$$$Hair&BathAccessories$$$Hair&BathAccessories$$$39,64,72,81,5,33,64,83,71,32,66,66,68,82,82,78,81,72,68,82$$$39,64,72,81,5,33,64,83,71,32,66,66,68,82,82,78,81,72,68,82
2149.jpg$$$特色小原菜$$$特色小碗菜$$$2781,2454,3102,3490,324$$$2781,2454,3102,2894,324
2151.jpg$$$安全口$$$安全出口$$$111,2360,1561$$$111,2360,461,1561
2152.jpg$$$号门$$$1号门$$$1070,1916$$$16,1070,1916
2164.jpg$$$除了天上掉钱$$$除非天上掉钱$$$468,1734,2801,2490,647,2269$$$468,790,2801,2490,647,2269
2166.jpg$$$孩舟记$$$核舟记$$$1035,3724,1260$$$1076,3724,1260
2167.jpg$$$姓名:廖坤$$$姓名;廖坤$$$3154,1970,25,1737,1601$$$3154,1970,26,1737,1601
2170.jpg$$$啪蟛宝$$$郴州瑞宝$$$2097,6404,193$$$402,3726,2429,193
2175.jpg$$$网址:www.hdsz88.comwww.hdsc88.jqw.com$$$网址:www.hdsz88.comwww.hdse88.jqw.com$$$2907,3688,25,86,86,86,13,71,67,82,89,23,23,13,66,78,76,86,86,86,13,71,67,82,66,23,23,13,73,80,86,13,66,78,76$$$2907,3688,25,86,86,86,13,71,67,82,89,23,23,13,66,78,76,86,86,86,13,71,67,82,68,23,23,13,73,80,86,13,66,78,76
2191.jpg$$$地址:莘县俎店滑营村东滨+道$$$地址:莘县俎店滑营村东滨河大道$$$619,3688,25,4341,3063,4004,637,1139,3393,538,668,272,10,595$$$619,3688,25,4341,3063,4004,637,1139,3393,538,668,272,1084,552,595
2199.jpg$$$二.身份证,驾驶证(正.副)本,$$$.身份证.驾驶证(正.副本).从业$$$751,13,2520,812,3669,11,1282,2564,3669,7,3664,13,862,8,217,11$$$13,2520,812,3669,13,1282,2564,3669,7,3664,13,862,217,8,13,520,3310
2213.jpg$$$北关水塔路口南行右拐即到)$$$(北关水塔路口南行右拐即到)$$$204,995,2645,2725,1808,1561,2020,3149,3433,992,1241,592,8$$$7,204,995,2645,2725,1808,1561,2020,3149,3433,992,1241,592,8
2218.jpg$$$花籽.冬葵籽.地丁.曲么菜.青青菜.$$$花籽.冬葵籽.地丁.曲么菜.青青草.$$$1135,3808,13,669,1594,3808,13,619,658,13,2345,1899,324,13,2319,2319,324,13$$$1135,3808,13,669,1594,3808,13,619,658,13,2345,1899,324,13,2319,2319,342,13
2220.jpg$$$螳螂籽.水蛭等各类中药材$$$螳螂籽.水蛭等各类中草药材$$$6397,6367,3808,13,2645,6338,603,932,1661,3713,3298,317$$$6397,6367,3808,13,2645,6338,603,932,1661,3713,342,3298,317
2235.jpg$$$YIMUTIAN$$$YIMUTIAN$$$56,40,44,52,51,40,32,45$$$56,40,44,52,51,40,32,45
2240.jpg$$$联系人:鹏先生$$$鹏先生$$$1701,3028,2392,25,2151,3047,2533$$$2151,3047,2533
2259.jpg$$$3333959815$$$13333959815$$$18,18,18,18,24,20,24,23,16,20$$$16,18,18,18,18,24,20,24,23,16,20
2264.jpg$$$地址:山东县河店镇瓜果菌菜交易市场$$$地址:山东莘县河店镇瓜果菌菜交易市场$$$619,3688,25,2472,668,3063,1084,637,3653,986,1030,1499,324,1342,3344,2585,376$$$619,3688,25,2472,668,4341,3063,1084,637,3653,986,1030,1499,324,1342,3344,2585,376
2269.jpg$$$农场品重点产地$$$农产品重点产地$$$2076,376,2184,3721,630,371,619$$$2076,371,2184,3721,630,371,619
2278.jpg$$$www.hnnxny.com$$$www.hnnxny.com$$$86,86,86,13,71,77,77,87,77,88,13,66,78,76$$$86,86,86,13,71,77,77,87,77,88,13,66,78,76
2282.jpg$$$Atp://coymyn.l688.om$$$http://csywyn.1688.com$$$32,83,79,25,14,14,66,78,88,76,88,77,13,75,21,23,23,13,78,76$$$71,83,83,79,25,14,14,66,82,88,86,88,77,13,16,21,23,23,13,66,78,76
2308.jpg$$$销售电话:15665000222$$$15665000222$$$3097,2596,634,1143,25,16,20,21,21,20,15,15,15,17,17,17$$$16,20,21,21,20,15,15,15,17,17,17
2327.jpg$$$4月22日14:30$$$30$$$19,3511,17,17,2402,16,19,25,18,15$$$18,15
